# relative_time, cycles_done, cur_item, corpus_count, pending_total, pending_favs, map_size, saved_crashes, saved_hangs, max_depth, execs_per_sec, total_execs, edges_found, total_crashes, servers_count
61, 0, 33, 254, 250, 79, 22.58%, 0, 0, 2, 495.85, 33141, 703, 0, 0
66, 0, 34, 261, 255, 77, 22.90%, 0, 0, 2, 494.35, 35675, 713, 0, 0
71, 0, 34, 265, 259, 77, 22.96%, 0, 0, 2, 481.69, 38151, 715, 0, 0
76, 0, 34, 265, 259, 77, 22.96%, 0, 0, 2, 483.70, 40653, 715, 0, 0
81, 0, 34, 267, 261, 77, 23.06%, 0, 0, 2, 487.90, 43169, 718, 0, 0
87, 0, 34, 267, 261, 77, 23.06%, 0, 0, 2, 487.86, 45680, 718, 0, 0
92, 0, 34, 267, 261, 77, 23.06%, 0, 0, 2, 471.38, 48029, 718, 0, 0
97, 0, 34, 268, 262, 77, 23.12%, 0, 0, 2, 467.72, 50376, 720, 0, 0
102, 0, 34, 268, 262, 77, 23.12%, 0, 0, 2, 447.82, 52599, 720, 0, 0
107, 0, 34, 268, 262, 77, 23.12%, 0, 0, 2, 464.96, 54930, 720, 0, 0
112, 0, 34, 269, 263, 77, 23.15%, 0, 0, 2, 476.62, 57403, 721, 0, 0
117, 0, 34, 269, 263, 77, 23.15%, 0, 0, 2, 462.28, 59725, 721, 0, 0
122, 0, 34, 270, 264, 77, 23.22%, 0, 0, 2, 459.80, 62046, 723, 0, 0
127, 0, 34, 270, 264, 77, 23.22%, 0, 0, 2, 477.97, 64449, 723, 0, 0
132, 0, 34, 270, 264, 77, 23.22%, 0, 0, 2, 488.86, 66915, 723, 0, 0
137, 0, 34, 270, 264, 77, 23.22%, 0, 0, 2, 495.95, 69507, 723, 0, 0
142, 0, 34, 270, 264, 77, 23.22%, 0, 0, 2, 497.30, 72000, 723, 0, 0
147, 0, 34, 270, 264, 77, 23.22%, 0, 0, 2, 492.26, 74466, 723, 0, 0
152, 0, 34, 270, 264, 77, 23.22%, 0, 0, 2, 491.21, 77004, 723, 0, 0
157, 0, 34, 270, 264, 77, 23.22%, 0, 0, 2, 494.01, 79569, 723, 0, 0
163, 0, 34, 270, 264, 77, 23.22%, 0, 0, 2, 547.10, 82350, 723, 0, 0
168, 0, 34, 270, 264, 77, 23.22%, 0, 0, 2, 541.19, 85140, 723, 0, 0
173, 0, 201, 272, 263, 82, 23.28%, 0, 0, 2, 549.93, 88244, 725, 0, 0
180, 0, 44, 275, 264, 80, 23.35%, 0, 0, 2, 529.80, 91613, 727, 0, 0
185, 0, 74, 278, 264, 79, 23.35%, 0, 0, 2, 509.22, 94229, 727, 0, 0
190, 0, 78, 279, 261, 75, 23.35%, 0, 0, 2, 508.23, 96881, 727, 0, 0
196, 0, 89, 283, 260, 70, 23.35%, 0, 0, 2, 493.18, 99449, 727, 0, 0
201, 0, 89, 287, 264, 70, 23.38%, 0, 0, 2, 515.65, 102046, 728, 0, 0
206, 0, 97, 292, 268, 70, 23.38%, 0, 0, 2, 518.83, 104672, 728, 0, 0
211, 0, 105, 295, 267, 67, 23.44%, 0, 0, 2, 526.68, 107325, 730, 0, 0
216, 0, 190, 296, 261, 60, 23.44%, 0, 0, 2, 541.58, 110054, 730, 0, 0
223, 0, 232, 297, 251, 48, 23.44%, 0, 0, 2, 513.54, 113469, 730, 0, 0
228, 0, 199, 297, 237, 34, 23.44%, 0, 0, 2, 537.87, 116310, 730, 0, 0
233, 0, 252, 298, 231, 27, 23.44%, 0, 0, 3, 528.28, 119079, 730, 0, 0
238, 0, 280, 298, 219, 15, 23.44%, 0, 0, 3, 518.49, 121635, 730, 0, 0
243, 0, 266, 301, 211, 7, 23.47%, 0, 0, 3, 513.23, 124248, 731, 0, 0
248, 0, 284, 304, 208, 3, 23.47%, 0, 0, 3, 512.47, 126855, 731, 0, 0
253, 0, 36, 305, 204, 0, 23.51%, 0, 0, 3, 518.77, 129455, 732, 0, 0
258, 0, 268, 309, 202, 0, 23.57%, 0, 0, 3, 528.82, 132114, 734, 0, 0
263, 0, 178, 312, 200, 0, 23.60%, 0, 0, 3, 547.09, 134950, 735, 0, 0
268, 0, 302, 312, 197, 0, 23.60%, 0, 0, 3, 553.71, 137770, 735, 0, 0
273, 0, 124, 315, 196, 0, 23.60%, 0, 0, 4, 554.81, 140568, 735, 0, 0
279, 0, 0, 315, 194, 0, 23.60%, 0, 0, 4, 530.76, 143311, 735, 0, 0
284, 0, 263, 315, 190, 0, 23.60%, 0, 0, 4, 512.85, 145879, 735, 0, 0
289, 0, 76, 315, 187, 0, 23.60%, 0, 0, 4, 504.30, 148442, 735, 0, 0
294, 0, 24, 315, 185, 0, 23.60%, 0, 0, 4, 517.39, 151036, 735, 0, 0
299, 0, 93, 320, 186, 0, 23.64%, 0, 0, 4, 531.48, 153730, 736, 0, 0
304, 0, 319, 321, 186, 1, 23.64%, 0, 0, 4, 527.62, 156664, 736, 0, 0
310, 0, 159, 323, 180, 0, 23.64%, 0, 0, 4, 547.98, 159525, 736, 0, 0
316, 0, 229, 323, 178, 0, 23.64%, 0, 0, 4, 527.78, 162726, 736, 0, 0
321, 0, 289, 324, 177, 0, 23.64%, 0, 0, 4, 521.10, 165389, 736, 0, 0
326, 1, 234, 324, 168, 0, 23.64%, 0, 0, 4, 507.86, 167939, 736, 0, 0
331, 1, 294, 325, 158, 0, 23.67%, 0, 0, 4, 529.82, 170644, 737, 0, 0
336, 1, 7, 326, 155, 0, 23.67%, 0, 0, 4, 529.50, 173573, 737, 0, 0
341, 1, 22, 326, 148, 0, 23.67%, 0, 0, 4, 522.33, 176181, 737, 0, 0
346, 1, 314, 329, 145, 0, 23.67%, 0, 0, 5, 514.62, 178771, 737, 0, 0
353, 1, 285, 329, 143, 0, 23.67%, 0, 0, 5, 519.23, 182071, 737, 0, 0
358, 1, 233, 329, 139, 0, 23.67%, 0, 0, 5, 511.64, 184684, 737, 0, 0
363, 1, 33, 329, 133, 0, 23.67%, 0, 0, 5, 534.43, 187355, 737, 0, 0
368, 1, 65, 329, 131, 0, 23.67%, 0, 0, 5, 524.33, 190034, 737, 0, 0
373, 1, 44, 329, 126, 0, 23.67%, 0, 0, 5, 533.44, 192812, 737, 0, 0
378, 1, 40, 330, 120, 0, 23.67%, 0, 0, 5, 537.14, 195520, 737, 0, 0
383, 1, 292, 331, 116, 0, 23.67%, 0, 0, 5, 507.77, 198099, 737, 0, 0
388, 1, 147, 332, 110, 0, 23.76%, 0, 0, 5, 527.33, 200781, 740, 0, 0
393, 1, 68, 333, 106, 0, 23.80%, 0, 0, 5, 531.88, 203511, 741, 0, 0
399, 1, 55, 333, 98, 0, 23.80%, 0, 0, 5, 530.20, 206656, 741, 0, 0
404, 1, 206, 333, 92, 0, 23.80%, 0, 0, 5, 505.55, 209210, 741, 0, 0
409, 1, 12, 333, 85, 0, 23.80%, 0, 0, 5, 508.96, 211768, 741, 0, 0
414, 1, 134, 333, 79, 0, 23.80%, 0, 0, 5, 519.67, 214468, 741, 0, 0
420, 1, 237, 333, 77, 0, 23.80%, 0, 0, 5, 533.27, 217390, 741, 0, 0
425, 1, 97, 334, 73, 0, 23.80%, 0, 0, 5, 518.47, 219997, 741, 0, 0
430, 1, 181, 334, 67, 0, 23.80%, 0, 0, 5, 541.65, 222852, 741, 0, 0
435, 1, 41, 334, 63, 0, 23.80%, 0, 0, 5, 547.42, 225606, 741, 0, 0
440, 1, 52, 334, 58, 0, 23.80%, 0, 0, 5, 515.81, 228164, 741, 0, 0
445, 1, 333, 334, 57, 0, 23.80%, 0, 0, 5, 493.55, 230664, 741, 0, 0
450, 1, 11, 335, 54, 0, 23.83%, 0, 0, 5, 516.70, 233233, 742, 0, 0
455, 1, 128, 336, 53, 0, 23.83%, 0, 0, 5, 501.99, 235753, 742, 0, 0
460, 2, 151, 336, 51, 0, 23.83%, 0, 0, 5, 518.57, 238359, 742, 0, 0
465, 2, 96, 336, 50, 0, 23.83%, 0, 0, 5, 487.93, 240744, 742, 0, 0
470, 2, 185, 336, 49, 0, 23.83%, 0, 0, 5, 488.68, 243147, 742, 0, 0
476, 2, 249, 337, 49, 0, 23.83%, 0, 0, 5, 503.88, 245801, 742, 0, 0
481, 2, 211, 339, 48, 0, 23.83%, 0, 0, 5, 504.71, 248413, 742, 0, 0
486, 2, 200, 339, 46, 0, 23.83%, 0, 0, 5, 498.57, 250917, 742, 0, 0
491, 2, 239, 339, 45, 0, 23.83%, 0, 0, 5, 535.15, 253953, 742, 0, 0
497, 2, 259, 339, 43, 0, 23.83%, 0, 0, 5, 540.45, 257124, 742, 0, 0
502, 2, 105, 339, 40, 0, 23.83%, 0, 0, 5, 533.91, 259884, 742, 0, 0
508, 2, 189, 339, 40, 0, 23.83%, 0, 0, 5, 520.93, 262584, 742, 0, 0
513, 2, 148, 339, 40, 0, 23.83%, 0, 0, 5, 501.61, 265096, 742, 0, 0
518, 2, 287, 339, 38, 0, 23.83%, 0, 0, 5, 523.13, 267773, 742, 0, 0
523, 2, 199, 339, 35, 0, 23.83%, 0, 0, 5, 507.85, 270303, 742, 0, 0
528, 2, 131, 339, 34, 0, 23.83%, 0, 0, 5, 512.27, 272883, 742, 0, 0
533, 2, 71, 339, 33, 0, 23.83%, 0, 0, 5, 525.50, 275509, 742, 0, 0
538, 2, 192, 339, 30, 0, 23.83%, 0, 0, 5, 517.14, 278092, 742, 0, 0
543, 2, 176, 339, 29, 0, 23.83%, 0, 0, 5, 478.09, 280549, 742, 0, 0
548, 3, 104, 340, 28, 0, 23.83%, 0, 0, 5, 524.00, 283185, 742, 0, 0
553, 3, 115, 341, 26, 0, 23.86%, 0, 0, 5, 511.84, 285901, 743, 0, 0
560, 3, 288, 341, 26, 0, 23.86%, 0, 0, 5, 478.07, 289142, 743, 0, 0
565, 3, 139, 341, 25, 0, 23.86%, 0, 0, 5, 534.80, 291991, 743, 0, 0
570, 3, 161, 341, 25, 0, 23.86%, 0, 0, 5, 548.03, 294843, 743, 0, 0
575, 3, 242, 341, 24, 0, 23.86%, 0, 0, 5, 505.57, 297386, 743, 0, 0
580, 3, 335, 341, 23, 0, 23.86%, 0, 0, 5, 517.97, 300083, 743, 0, 0
586, 3, 124, 341, 21, 0, 23.86%, 0, 0, 5, 444.81, 302292, 743, 0, 0
591, 3, 266, 341, 19, 0, 23.86%, 0, 0, 5, 431.84, 304422, 743, 0, 0
596, 3, 220, 341, 19, 0, 23.86%, 0, 0, 5, 417.12, 306618, 743, 0, 0
601, 3, 242, 341, 18, 0, 23.86%, 0, 0, 5, 425.55, 308742, 743, 0, 0
606, 3, 129, 342, 19, 0, 23.86%, 0, 0, 5, 412.86, 310868, 743, 0, 0
611, 3, 342, 343, 20, 1, 23.89%, 0, 0, 5, 438.46, 313077, 744, 0, 0
616, 3, 256, 347, 22, 0, 23.89%, 0, 0, 5, 477.68, 315531, 744, 0, 0
621, 3, 143, 349, 23, 0, 23.89%, 0, 0, 5, 502.33, 318175, 744, 0, 0
626, 3, 317, 349, 23, 0, 23.89%, 0, 0, 5, 497.75, 320740, 744, 0, 0
632, 3, 131, 349, 22, 0, 23.89%, 0, 0, 5, 481.06, 323037, 744, 0, 0
637, 4, 9, 349, 22, 0, 23.89%, 0, 0, 5, 516.70, 325740, 744, 0, 0
642, 4, 104, 349, 21, 0, 23.89%, 0, 0, 5, 528.15, 328420, 744, 0, 0
647, 4, 137, 349, 20, 0, 23.89%, 0, 0, 5, 529.69, 331211, 744, 0, 0
652, 4, 268, 349, 19, 0, 23.89%, 0, 0, 5, 525.88, 333807, 744, 0, 0
657, 4, 349, 350, 19, 0, 23.89%, 0, 0, 5, 423.46, 335904, 744, 0, 0
662, 4, 144, 351, 19, 0, 23.89%, 0, 0, 5, 482.05, 338239, 744, 0, 0
667, 4, 35, 351, 18, 0, 23.89%, 0, 0, 5, 508.17, 340988, 744, 0, 0
672, 4, 94, 351, 17, 0, 23.89%, 0, 0, 5, 500.42, 343578, 744, 0, 0
677, 4, 131, 352, 17, 0, 23.89%, 0, 0, 5, 529.64, 346305, 744, 0, 0
683, 4, 189, 352, 17, 0, 23.89%, 0, 0, 5, 556.47, 349130, 744, 0, 0
688, 4, 232, 354, 19, 0, 23.89%, 0, 0, 5, 563.22, 351970, 744, 0, 0
693, 4, 315, 354, 18, 0, 23.89%, 0, 0, 5, 559.78, 354838, 744, 0, 0
698, 4, 9, 355, 18, 0, 23.89%, 0, 0, 5, 553.16, 357663, 744, 0, 0
703, 4, 185, 356, 19, 0, 23.89%, 0, 0, 5, 551.78, 360398, 744, 0, 0
708, 5, 193, 356, 19, 0, 23.89%, 0, 0, 5, 558.87, 363223, 744, 0, 0
713, 5, 332, 356, 19, 0, 23.89%, 0, 0, 5, 540.87, 365881, 744, 0, 0
718, 5, 72, 357, 19, 0, 23.92%, 0, 0, 5, 529.37, 368536, 745, 0, 0
723, 5, 106, 357, 18, 0, 23.92%, 0, 0, 5, 545.48, 371318, 745, 0, 0
728, 5, 71, 358, 19, 0, 23.92%, 0, 0, 5, 542.48, 373945, 745, 0, 0
733, 5, 275, 358, 19, 0, 23.92%, 0, 0, 5, 544.21, 376590, 745, 0, 0
738, 5, 354, 358, 19, 0, 23.92%, 0, 0, 5, 529.62, 379220, 745, 0, 0
743, 5, 178, 358, 18, 0, 23.92%, 0, 0, 5, 519.40, 381840, 745, 0, 0
748, 5, 149, 360, 18, 0, 23.92%, 0, 0, 5, 501.47, 384361, 745, 0, 0
753, 5, 33, 360, 18, 0, 23.92%, 0, 0, 5, 510.22, 387025, 745, 0, 0
758, 5, 340, 360, 18, 0, 23.92%, 0, 0, 5, 503.52, 389590, 745, 0, 0
763, 5, 97, 360, 17, 0, 23.92%, 0, 0, 5, 491.38, 392049, 745, 0, 0
769, 5, 51, 360, 15, 0, 23.92%, 0, 0, 5, 499.18, 394664, 745, 0, 0
774, 5, 280, 360, 15, 0, 23.92%, 0, 0, 5, 532.90, 397561, 745, 0, 0
779, 5, 9, 360, 15, 0, 23.92%, 0, 0, 5, 526.34, 400211, 745, 0, 0
784, 6, 241, 360, 15, 0, 23.92%, 0, 0, 5, 518.05, 402797, 745, 0, 0
789, 6, 129, 360, 15, 0, 23.92%, 0, 0, 5, 528.38, 405502, 745, 0, 0
794, 6, 184, 360, 14, 0, 23.92%, 0, 0, 5, 523.65, 408155, 745, 0, 0
799, 6, 161, 360, 13, 0, 23.92%, 0, 0, 5, 546.89, 411027, 745, 0, 0
804, 6, 129, 360, 13, 0, 23.92%, 0, 0, 5, 559.83, 413875, 745, 0, 0
809, 6, 310, 360, 13, 0, 23.92%, 0, 0, 5, 538.28, 416585, 745, 0, 0
815, 6, 120, 360, 12, 0, 23.92%, 0, 0, 5, 524.11, 419178, 745, 0, 0
820, 6, 104, 360, 11, 0, 23.92%, 0, 0, 5, 530.81, 421809, 745, 0, 0
825, 6, 250, 360, 11, 0, 23.92%, 0, 0, 5, 542.53, 424635, 745, 0, 0
832, 6, 154, 360, 11, 0, 23.92%, 0, 0, 5, 539.92, 428341, 745, 0, 0
837, 6, 41, 360, 11, 0, 23.92%, 0, 0, 5, 528.19, 430976, 745, 0, 0
842, 6, 268, 360, 10, 0, 23.92%, 0, 0, 5, 522.83, 433608, 745, 0, 0
847, 6, 185, 360, 10, 0, 23.92%, 0, 0, 5, 539.93, 436419, 745, 0, 0
852, 6, 350, 369, 19, 0, 23.92%, 0, 0, 5, 504.09, 438864, 745, 0, 0
857, 6, 350, 371, 21, 0, 23.92%, 0, 0, 5, 502.16, 441488, 745, 0, 0
862, 6, 350, 372, 22, 0, 23.92%, 0, 0, 5, 506.15, 444005, 745, 0, 0
867, 6, 350, 373, 23, 0, 23.92%, 0, 0, 5, 497.30, 446494, 745, 0, 0
872, 6, 350, 375, 25, 0, 23.92%, 0, 0, 5, 491.87, 448947, 745, 0, 0
878, 6, 369, 375, 24, 1, 23.92%, 0, 0, 5, 489.00, 451504, 745, 0, 0
883, 6, 374, 377, 25, 0, 23.92%, 0, 0, 5, 501.78, 454042, 745, 0, 0
888, 6, 374, 380, 28, 0, 23.92%, 0, 0, 5, 541.76, 456853, 745, 0, 0
893, 6, 374, 380, 28, 0, 23.92%, 0, 0, 5, 544.44, 459603, 745, 0, 0
898, 6, 374, 380, 28, 0, 23.92%, 0, 0, 5, 533.51, 462263, 745, 0, 0
903, 6, 374, 380, 28, 0, 23.92%, 0, 0, 5, 525.63, 464923, 745, 0, 0
908, 6, 375, 382, 29, 0, 23.92%, 0, 0, 6, 530.91, 467568, 745, 0, 0
914, 6, 381, 382, 28, 1, 23.92%, 0, 0, 6, 497.07, 470784, 745, 0, 0
919, 7, 40, 382, 25, 0, 23.92%, 0, 0, 6, 525.77, 473495, 745, 0, 0
924, 7, 117, 382, 23, 0, 23.92%, 0, 0, 6, 514.18, 476024, 745, 0, 0
929, 7, 97, 382, 21, 0, 23.92%, 0, 0, 6, 523.01, 478671, 745, 0, 0
935, 7, 254, 382, 19, 0, 23.92%, 0, 0, 6, 517.36, 481358, 745, 0, 0
940, 7, 344, 382, 17, 0, 23.92%, 0, 0, 6, 469.94, 483675, 745, 0, 0
945, 7, 273, 383, 16, 0, 23.92%, 0, 0, 6, 491.84, 486202, 745, 0, 0
950, 7, 140, 383, 14, 0, 23.92%, 0, 0, 6, 521.69, 488832, 745, 0, 0
955, 7, 142, 383, 13, 0, 23.92%, 0, 0, 6, 537.05, 491536, 745, 0, 0
961, 7, 199, 384, 14, 0, 23.92%, 0, 0, 6, 544.88, 494760, 745, 0, 0
966, 7, 129, 384, 13, 0, 23.92%, 0, 0, 6, 541.10, 497582, 745, 0, 0
971, 7, 53, 385, 14, 0, 23.92%, 0, 0, 6, 524.53, 500159, 745, 0, 0
976, 7, 382, 385, 14, 0, 23.92%, 0, 0, 6, 548.22, 503068, 745, 0, 0
981, 7, 382, 385, 14, 0, 23.92%, 0, 0, 6, 502.50, 505653, 745, 0, 0
986, 7, 193, 385, 13, 0, 23.92%, 0, 0, 6, 511.93, 508198, 745, 0, 0
992, 7, 373, 385, 13, 0, 23.92%, 0, 0, 6, 525.67, 510859, 745, 0, 0
997, 7, 59, 385, 10, 0, 23.92%, 0, 0, 6, 505.12, 513391, 745, 0, 0
1002, 7, 110, 385, 9, 0, 23.92%, 0, 0, 6, 526.78, 516098, 745, 0, 0
1007, 7, 178, 385, 9, 0, 23.92%, 0, 0, 6, 544.76, 518873, 745, 0, 0
1012, 8, 363, 385, 9, 0, 23.92%, 0, 0, 6, 536.06, 521655, 745, 0, 0
1017, 8, 195, 385, 8, 0, 23.92%, 0, 0, 6, 529.60, 524435, 745, 0, 0
1022, 8, 193, 385, 7, 0, 23.92%, 0, 0, 6, 522.27, 527175, 745, 0, 0
1027, 8, 153, 385, 7, 0, 23.92%, 0, 0, 6, 538.67, 529995, 745, 0, 0
1033, 8, 110, 385, 7, 0, 23.92%, 0, 0, 6, 553.48, 532870, 745, 0, 0
1038, 8, 86, 385, 6, 0, 23.92%, 0, 0, 6, 539.15, 535563, 745, 0, 0
1043, 8, 252, 386, 7, 0, 23.92%, 0, 0, 6, 516.47, 538165, 745, 0, 0
1048, 8, 234, 386, 7, 0, 23.92%, 0, 0, 6, 516.88, 540734, 745, 0, 0
1054, 8, 190, 386, 7, 0, 23.92%, 0, 0, 6, 545.33, 544037, 745, 0, 0
1059, 8, 76, 386, 7, 0, 23.92%, 0, 0, 6, 530.15, 546661, 745, 0, 0
1064, 8, 332, 386, 6, 0, 23.92%, 0, 0, 6, 511.70, 549226, 745, 0, 0
1069, 8, 6, 386, 6, 0, 23.92%, 0, 0, 6, 543.72, 552001, 745, 0, 0
1074, 8, 240, 386, 6, 0, 23.92%, 0, 0, 6, 542.34, 554773, 745, 0, 0
1079, 8, 131, 386, 6, 0, 23.92%, 0, 0, 6, 543.54, 557603, 745, 0, 0
1084, 8, 161, 386, 6, 0, 23.92%, 0, 0, 6, 549.86, 560312, 745, 0, 0
1089, 9, 139, 386, 6, 0, 23.92%, 0, 0, 6, 562.85, 563242, 745, 0, 0
1094, 9, 260, 386, 6, 0, 23.92%, 0, 0, 6, 550.43, 566097, 745, 0, 0
1101, 9, 147, 386, 5, 0, 23.92%, 0, 0, 6, 539.13, 569365, 745, 0, 0
1106, 9, 148, 386, 5, 0, 23.92%, 0, 0, 6, 536.18, 572100, 745, 0, 0
1111, 9, 35, 386, 4, 0, 23.92%, 0, 0, 6, 518.14, 574703, 745, 0, 0
1116, 9, 208, 387, 5, 0, 23.92%, 0, 0, 6, 527.13, 577363, 745, 0, 0
1121, 9, 129, 387, 5, 0, 23.92%, 0, 0, 6, 519.32, 579908, 745, 0, 0
1126, 9, 198, 387, 4, 0, 23.92%, 0, 0, 6, 485.75, 582255, 745, 0, 0
1131, 9, 126, 387, 4, 0, 23.92%, 0, 0, 6, 530.65, 584936, 745, 0, 0
1136, 9, 293, 387, 4, 0, 23.92%, 0, 0, 6, 544.23, 587829, 745, 0, 0
1141, 9, 240, 387, 4, 0, 23.92%, 0, 0, 6, 530.70, 590528, 745, 0, 0
1146, 9, 95, 387, 4, 0, 23.92%, 0, 0, 6, 521.04, 593199, 745, 0, 0
1152, 9, 7, 387, 4, 0, 23.92%, 0, 0, 6, 531.42, 595953, 745, 0, 0
1157, 9, 44, 387, 4, 0, 23.92%, 0, 0, 6, 545.69, 598823, 745, 0, 0
1162, 10, 233, 387, 4, 0, 23.92%, 0, 0, 6, 508.51, 601307, 745, 0, 0
1167, 10, 110, 387, 4, 0, 23.92%, 0, 0, 6, 537.74, 604192, 745, 0, 0
1172, 10, 139, 387, 4, 0, 23.92%, 0, 0, 6, 536.90, 606892, 745, 0, 0
1177, 10, 381, 389, 6, 0, 23.92%, 0, 0, 6, 543.43, 609615, 745, 0, 0
1182, 10, 388, 390, 7, 0, 23.92%, 0, 0, 6, 443.17, 611860, 745, 0, 0
1187, 10, 389, 390, 6, 0, 23.92%, 0, 0, 6, 420.81, 613991, 745, 0, 0
1192, 10, 161, 390, 5, 0, 23.92%, 0, 0, 6, 464.38, 616248, 745, 0, 0
1197, 10, 234, 390, 5, 0, 23.92%, 0, 0, 6, 483.50, 618630, 745, 0, 0
1203, 10, 124, 391, 5, 0, 23.96%, 0, 0, 6, 509.47, 621380, 746, 0, 0
1208, 10, 65, 391, 5, 0, 23.96%, 0, 0, 6, 518.43, 623950, 746, 0, 0
1213, 10, 251, 391, 5, 0, 23.96%, 0, 0, 6, 513.14, 626606, 746, 0, 0
1218, 10, 390, 395, 9, 0, 23.96%, 0, 0, 6, 542.05, 629329, 746, 0, 0
1223, 10, 390, 395, 9, 0, 23.96%, 0, 0, 6, 518.53, 631979, 746, 0, 0
1228, 10, 394, 395, 8, 1, 23.96%, 0, 0, 6, 490.63, 634409, 746, 0, 0
1233, 10, 139, 395, 7, 0, 23.96%, 0, 0, 6, 510.50, 637116, 746, 0, 0
1239, 10, 190, 395, 6, 0, 23.96%, 0, 0, 6, 535.84, 639921, 746, 0, 0
1244, 10, 35, 395, 6, 0, 23.96%, 0, 0, 6, 553.87, 642764, 746, 0, 0
1249, 10, 194, 395, 6, 0, 23.96%, 0, 0, 6, 546.03, 645458, 746, 0, 0
1254, 10, 187, 395, 5, 0, 23.96%, 0, 0, 6, 540.88, 648192, 746, 0, 0
1259, 10, 377, 396, 6, 0, 23.96%, 0, 0, 6, 504.41, 651014, 746, 0, 0
1264, 10, 63, 396, 5, 0, 23.96%, 0, 0, 6, 528.17, 653699, 746, 0, 0
1270, 10, 395, 398, 7, 0, 23.96%, 0, 0, 7, 509.25, 656234, 746, 0, 0
1275, 11, 396, 398, 6, 0, 23.96%, 0, 0, 7, 519.03, 658986, 746, 0, 0
1280, 11, 398, 399, 6, 0, 23.96%, 0, 0, 7, 482.11, 661377, 746, 0, 0
1285, 11, 35, 399, 5, 0, 23.96%, 0, 0, 7, 483.02, 663910, 746, 0, 0
1290, 11, 139, 399, 4, 0, 23.96%, 0, 0, 7, 503.53, 666532, 746, 0, 0
1295, 11, 86, 400, 5, 0, 23.96%, 0, 0, 7, 559.20, 669478, 746, 0, 0
1300, 11, 302, 400, 5, 0, 23.96%, 0, 0, 7, 548.43, 672275, 746, 0, 0
1306, 11, 364, 401, 6, 0, 23.96%, 0, 0, 7, 550.68, 675100, 746, 0, 0
1311, 11, 343, 401, 5, 0, 23.96%, 0, 0, 7, 555.92, 677892, 746, 0, 0
1316, 11, 189, 401, 5, 0, 23.96%, 0, 0, 7, 555.18, 680720, 746, 0, 0
1321, 11, 124, 401, 5, 0, 23.96%, 0, 0, 7, 537.12, 683439, 746, 0, 0
1326, 11, 232, 402, 6, 0, 23.96%, 0, 0, 7, 554.35, 686279, 746, 0, 0
1331, 11, 234, 402, 5, 0, 23.96%, 0, 0, 7, 551.80, 689070, 746, 0, 0
1336, 11, 402, 404, 6, 0, 23.96%, 0, 0, 7, 557.46, 691914, 746, 0, 0
1341, 11, 402, 406, 8, 0, 23.96%, 0, 0, 7, 556.84, 694722, 746, 0, 0
1346, 11, 275, 406, 8, 0, 23.96%, 0, 0, 7, 560.53, 697531, 746, 0, 0
1351, 11, 199, 407, 8, 0, 23.96%, 0, 0, 7, 546.07, 700227, 746, 0, 0
1356, 11, 356, 407, 8, 0, 23.96%, 0, 0, 7, 553.11, 703054, 746, 0, 0
1361, 11, 104, 407, 8, 0, 23.96%, 0, 0, 7, 555.81, 705868, 746, 0, 0
1366, 12, 99, 407, 8, 0, 23.96%, 0, 0, 7, 550.98, 708679, 746, 0, 0
1371, 12, 41, 407, 8, 0, 23.96%, 0, 0, 7, 550.25, 711451, 746, 0, 0
1376, 12, 239, 407, 8, 0, 23.96%, 0, 0, 7, 555.75, 714297, 746, 0, 0
1382, 12, 199, 407, 8, 0, 23.96%, 0, 0, 7, 562.54, 717229, 746, 0, 0
1387, 12, 89, 407, 8, 0, 23.96%, 0, 0, 7, 551.85, 720004, 746, 0, 0
1392, 12, 250, 407, 8, 0, 23.96%, 0, 0, 7, 548.22, 722817, 746, 0, 0
1397, 12, 74, 407, 8, 0, 23.96%, 0, 0, 7, 532.93, 725523, 746, 0, 0
1402, 12, 293, 407, 8, 0, 23.96%, 0, 0, 7, 546.41, 728276, 746, 0, 0
1407, 12, 356, 407, 8, 0, 23.96%, 0, 0, 7, 548.88, 731076, 746, 0, 0
1412, 12, 51, 408, 9, 0, 23.96%, 0, 0, 7, 522.96, 733729, 746, 0, 0
1417, 12, 74, 409, 9, 0, 23.96%, 0, 0, 7, 556.84, 736584, 746, 0, 0
1422, 12, 407, 409, 9, 0, 23.96%, 0, 0, 7, 529.46, 739244, 746, 0, 0
1427, 12, 66, 409, 8, 0, 23.96%, 0, 0, 7, 545.99, 742095, 746, 0, 0
1432, 12, 119, 409, 6, 0, 23.96%, 0, 0, 7, 534.27, 744773, 746, 0, 0
1437, 12, 197, 409, 6, 0, 23.96%, 0, 0, 7, 546.17, 747586, 746, 0, 0
1444, 13, 279, 409, 6, 0, 23.96%, 0, 0, 7, 561.04, 751528, 746, 0, 0
1449, 13, 134, 409, 5, 0, 23.96%, 0, 0, 7, 535.78, 754252, 746, 0, 0
1454, 13, 356, 409, 5, 0, 23.96%, 0, 0, 7, 524.08, 756847, 746, 0, 0
1460, 13, 27, 409, 5, 0, 23.96%, 0, 0, 7, 532.09, 759607, 746, 0, 0
1466, 13, 409, 410, 6, 0, 23.96%, 0, 0, 7, 401.17, 762184, 746, 0, 0
1472, 13, 234, 410, 5, 0, 23.96%, 0, 0, 7, 508.00, 764859, 746, 0, 0
1477, 13, 104, 410, 5, 0, 23.96%, 0, 0, 7, 545.22, 767758, 746, 0, 0
1482, 13, 173, 410, 5, 0, 23.96%, 0, 0, 7, 552.82, 770525, 746, 0, 0
1487, 13, 409, 410, 5, 0, 23.96%, 0, 0, 7, 536.33, 773277, 746, 0, 0
1492, 13, 110, 410, 5, 0, 23.96%, 0, 0, 7, 544.51, 776038, 746, 0, 0
1497, 13, 9, 410, 5, 0, 23.96%, 0, 0, 7, 547.86, 778883, 746, 0, 0
1502, 13, 194, 411, 6, 0, 23.96%, 0, 0, 7, 547.11, 781630, 746, 0, 0
1507, 13, 410, 411, 6, 0, 23.96%, 0, 0, 7, 552.05, 784536, 746, 0, 0
1512, 13, 410, 412, 7, 0, 23.96%, 0, 0, 7, 473.86, 786771, 746, 0, 0
1518, 13, 147, 412, 6, 0, 23.96%, 0, 0, 7, 522.34, 789502, 746, 0, 0
1523, 13, 240, 412, 6, 0, 23.96%, 0, 0, 7, 548.97, 792385, 746, 0, 0
1530, 14, 158, 412, 6, 0, 23.96%, 0, 0, 7, 552.63, 796192, 746, 0, 0
1535, 14, 20, 412, 6, 0, 23.96%, 0, 0, 7, 466.61, 798657, 746, 0, 0
1540, 14, 195, 412, 6, 0, 23.96%, 0, 0, 7, 525.01, 801402, 746, 0, 0
1545, 14, 97, 412, 6, 0, 23.96%, 0, 0, 7, 538.89, 804222, 746, 0, 0
1550, 14, 309, 415, 9, 0, 23.96%, 0, 0, 7, 462.12, 806382, 746, 0, 0
1556, 14, 105, 415, 9, 0, 23.96%, 0, 0, 7, 537.37, 809304, 746, 0, 0
1561, 14, 412, 415, 9, 0, 23.96%, 0, 0, 7, 386.72, 811258, 746, 0, 0
1566, 14, 412, 416, 10, 0, 23.96%, 0, 0, 7, 328.53, 812986, 746, 0, 0
1571, 14, 413, 416, 8, 0, 23.96%, 0, 0, 7, 398.85, 815004, 746, 0, 0
1576, 14, 413, 417, 9, 0, 23.96%, 0, 0, 7, 352.82, 816731, 746, 0, 0
1583, 14, 280, 421, 11, 0, 23.96%, 0, 0, 7, 472.05, 820241, 746, 0, 0
1588, 14, 416, 421, 11, 0, 23.96%, 0, 0, 7, 437.85, 822571, 746, 0, 0
1593, 14, 416, 422, 12, 0, 23.96%, 0, 0, 7, 373.51, 824376, 746, 0, 0
1598, 14, 421, 423, 11, 0, 23.96%, 0, 0, 7, 398.39, 826570, 746, 0, 0
1603, 14, 193, 423, 10, 0, 23.96%, 0, 0, 7, 362.83, 828461, 746, 0, 0
1608, 14, 415, 423, 10, 0, 23.96%, 0, 0, 7, 320.28, 830244, 746, 0, 0
1613, 14, 200, 423, 9, 0, 23.96%, 0, 0, 7, 485.29, 832802, 746, 0, 0
1619, 14, 191, 423, 9, 0, 23.96%, 0, 0, 7, 512.28, 836038, 746, 0, 0
1624, 14, 198, 423, 8, 0, 23.96%, 0, 0, 7, 526.06, 838759, 746, 0, 0
1630, 14, 51, 423, 7, 0, 23.96%, 0, 0, 7, 542.78, 841617, 746, 0, 0
1635, 14, 131, 424, 7, 0, 23.96%, 0, 0, 7, 526.06, 844265, 746, 0, 0
1640, 14, 144, 424, 7, 0, 23.96%, 0, 0, 7, 521.72, 846895, 746, 0, 0
1645, 14, 420, 431, 14, 0, 23.96%, 0, 0, 7, 522.32, 849603, 746, 0, 0
1650, 14, 420, 432, 15, 0, 23.96%, 0, 0, 7, 521.03, 852310, 746, 0, 0
1655, 14, 420, 432, 15, 0, 23.96%, 0, 0, 7, 526.16, 855010, 746, 0, 0
1660, 14, 420, 432, 15, 0, 23.96%, 0, 0, 7, 520.96, 857620, 746, 0, 0
1665, 14, 420, 432, 15, 0, 23.96%, 0, 0, 7, 522.61, 860330, 746, 0, 0
1670, 14, 199, 432, 14, 0, 23.96%, 0, 0, 7, 535.22, 863048, 746, 0, 0
1676, 14, 199, 432, 13, 0, 23.96%, 0, 0, 7, 528.57, 865722, 746, 0, 0
1681, 15, 97, 432, 13, 0, 23.96%, 0, 0, 7, 501.17, 868348, 746, 0, 0
1686, 15, 402, 432, 13, 0, 23.96%, 0, 0, 7, 523.06, 871008, 746, 0, 0
1691, 15, 86, 432, 13, 0, 23.96%, 0, 0, 7, 530.70, 873728, 746, 0, 0
1696, 15, 89, 432, 13, 0, 23.96%, 0, 0, 7, 531.21, 876393, 746, 0, 0
1701, 15, 12, 432, 13, 0, 23.96%, 0, 0, 7, 537.82, 879139, 746, 0, 0
1706, 15, 430, 432, 12, 0, 23.96%, 0, 0, 7, 514.84, 881853, 746, 0, 0
1712, 15, 367, 432, 11, 0, 23.96%, 0, 0, 7, 539.99, 885006, 746, 0, 0
1717, 15, 416, 432, 10, 0, 23.96%, 0, 0, 7, 533.96, 887700, 746, 0, 0
1722, 15, 161, 432, 10, 0, 23.96%, 0, 0, 7, 548.29, 890441, 746, 0, 0
1727, 15, 234, 432, 10, 0, 23.96%, 0, 0, 7, 547.60, 893257, 746, 0, 0
1732, 15, 33, 432, 10, 0, 23.96%, 0, 0, 7, 522.92, 895787, 746, 0, 0
1737, 15, 111, 432, 10, 0, 23.96%, 0, 0, 7, 495.55, 898216, 746, 0, 0
1742, 15, 13, 432, 9, 0, 23.96%, 0, 0, 7, 531.24, 900975, 746, 0, 0
1747, 15, 74, 432, 9, 0, 23.96%, 0, 0, 7, 514.68, 903611, 746, 0, 0
1752, 15, 265, 433, 10, 0, 23.96%, 0, 0, 7, 518.17, 906285, 746, 0, 0
1758, 15, 402, 433, 10, 0, 23.96%, 0, 0, 7, 518.34, 908975, 746, 0, 0
1763, 15, 144, 433, 10, 0, 23.96%, 0, 0, 7, 531.54, 911735, 746, 0, 0
1768, 16, 247, 433, 9, 0, 23.96%, 0, 0, 7, 537.63, 914530, 746, 0, 0
1773, 16, 257, 434, 8, 0, 23.96%, 0, 0, 7, 557.20, 917338, 746, 0, 0
1778, 16, 411, 434, 8, 0, 23.96%, 0, 0, 7, 519.03, 920023, 746, 0, 0
1783, 16, 309, 434, 6, 0, 23.96%, 0, 0, 7, 529.30, 922634, 746, 0, 0
1788, 16, 343, 434, 5, 0, 23.96%, 0, 0, 7, 549.00, 925394, 746, 0, 0
1793, 16, 384, 434, 5, 0, 23.96%, 0, 0, 7, 546.12, 928159, 746, 0, 0
1798, 16, 153, 434, 5, 0, 23.96%, 0, 0, 7, 541.52, 930891, 746, 0, 0
1803, 16, 190, 434, 5, 0, 23.96%, 0, 0, 7, 538.51, 933641, 746, 0, 0
1808, 16, 111, 434, 5, 0, 23.96%, 0, 0, 7, 544.56, 936315, 746, 0, 0
1814, 16, 433, 434, 5, 0, 23.96%, 0, 0, 7, 553.41, 939177, 746, 0, 0
1819, 16, 391, 434, 4, 0, 23.96%, 0, 0, 7, 534.31, 941905, 746, 0, 0
1824, 16, 194, 434, 3, 0, 23.96%, 0, 0, 7, 543.21, 944750, 746, 0, 0
1829, 16, 169, 434, 3, 0, 23.96%, 0, 0, 7, 532.85, 947453, 746, 0, 0
1835, 16, 66, 434, 3, 0, 23.96%, 0, 0, 7, 530.59, 950475, 746, 0, 0
1840, 16, 200, 434, 3, 0, 23.96%, 0, 0, 7, 519.23, 953030, 746, 0, 0
1845, 16, 385, 434, 3, 0, 23.96%, 0, 0, 7, 542.35, 955770, 746, 0, 0
1850, 16, 431, 434, 3, 0, 23.96%, 0, 0, 7, 545.96, 958585, 746, 0, 0
1855, 17, 178, 434, 2, 0, 23.96%, 0, 0, 7, 544.69, 961326, 746, 0, 0
1860, 17, 89, 434, 2, 0, 23.96%, 0, 0, 7, 472.04, 963706, 746, 0, 0
1865, 17, 275, 434, 1, 0, 23.96%, 0, 0, 7, 535.23, 966571, 746, 0, 0
1870, 17, 114, 434, 1, 0, 23.96%, 0, 0, 7, 547.94, 969341, 746, 0, 0
1875, 17, 268, 434, 1, 0, 23.96%, 0, 0, 7, 487.08, 971692, 746, 0, 0
1880, 17, 111, 434, 1, 0, 23.96%, 0, 0, 7, 457.12, 973924, 746, 0, 0
1885, 17, 139, 434, 1, 0, 23.96%, 0, 0, 7, 494.74, 976454, 746, 0, 0
1890, 17, 434, 438, 5, 0, 23.96%, 0, 0, 7, 498.16, 978910, 746, 0, 0
1895, 17, 434, 439, 6, 0, 23.96%, 0, 0, 7, 528.25, 981643, 746, 0, 0
1901, 17, 434, 439, 6, 0, 23.96%, 0, 0, 7, 535.13, 984393, 746, 0, 0
1906, 17, 120, 439, 5, 0, 23.96%, 0, 0, 7, 550.14, 987127, 746, 0, 0
1911, 17, 438, 439, 5, 0, 23.96%, 0, 0, 7, 527.59, 989782, 746, 0, 0
1916, 17, 340, 439, 4, 0, 23.96%, 0, 0, 7, 541.56, 992856, 746, 0, 0
1921, 17, 435, 439, 4, 0, 23.96%, 0, 0, 7, 522.69, 995515, 746, 0, 0
1926, 17, 199, 439, 3, 0, 23.96%, 0, 0, 7, 538.85, 998211, 746, 0, 0
1931, 17, 185, 439, 3, 0, 23.96%, 0, 0, 7, 551.26, 1000995, 746, 0, 0
1936, 17, 147, 439, 3, 0, 23.96%, 0, 0, 7, 553.28, 1003773, 746, 0, 0
1942, 17, 201, 439, 3, 0, 23.96%, 0, 0, 7, 561.57, 1006609, 746, 0, 0
1947, 17, 185, 439, 3, 0, 23.96%, 0, 0, 7, 557.34, 1009440, 746, 0, 0
1952, 17, 413, 439, 3, 0, 23.96%, 0, 0, 7, 551.89, 1012254, 746, 0, 0
1957, 18, 200, 440, 4, 0, 23.96%, 0, 0, 7, 551.46, 1015001, 746, 0, 0
1962, 18, 111, 440, 4, 0, 23.96%, 0, 0, 7, 550.47, 1017892, 746, 0, 0
1967, 18, 221, 440, 4, 0, 23.96%, 0, 0, 7, 562.47, 1020739, 746, 0, 0
1972, 18, 86, 440, 4, 0, 23.96%, 0, 0, 7, 557.84, 1023539, 746, 0, 0
1977, 18, 178, 440, 4, 0, 23.96%, 0, 0, 7, 560.28, 1026345, 746, 0, 0
1982, 18, 139, 440, 3, 0, 23.96%, 0, 0, 7, 506.44, 1028850, 746, 0, 0
1987, 18, 144, 440, 3, 0, 23.96%, 0, 0, 7, 544.51, 1031701, 746, 0, 0
1992, 18, 190, 440, 3, 0, 23.96%, 0, 0, 7, 550.70, 1034516, 746, 0, 0
1997, 18, 251, 440, 3, 0, 23.96%, 0, 0, 7, 550.56, 1037263, 746, 0, 0
2003, 18, 192, 440, 3, 0, 23.96%, 0, 0, 7, 547.25, 1040057, 746, 0, 0
2008, 18, 178, 440, 3, 0, 23.96%, 0, 0, 7, 547.33, 1042824, 746, 0, 0
2014, 18, 437, 440, 3, 0, 23.96%, 0, 0, 7, 539.91, 1046599, 746, 0, 0
2020, 18, 332, 440, 1, 0, 23.96%, 0, 0, 7, 548.84, 1049352, 746, 0, 0
2025, 18, 309, 441, 2, 0, 23.96%, 0, 0, 7, 555.64, 1052168, 746, 0, 0
2030, 18, 147, 441, 2, 0, 23.96%, 0, 0, 7, 523.05, 1054784, 746, 0, 0
2035, 18, 151, 442, 3, 0, 23.96%, 0, 0, 7, 514.05, 1057404, 746, 0, 0
2040, 18, 62, 442, 3, 0, 23.96%, 0, 0, 7, 501.11, 1059844, 746, 0, 0
2047, 19, 121, 442, 2, 0, 23.96%, 0, 0, 7, 527.99, 1063513, 746, 0, 0
2052, 19, 295, 442, 2, 0, 23.96%, 0, 0, 7, 476.23, 1066024, 746, 0, 0
2057, 19, 439, 442, 2, 0, 23.96%, 0, 0, 7, 432.98, 1068079, 746, 0, 0
2062, 19, 118, 442, 1, 0, 23.96%, 0, 0, 7, 523.96, 1070914, 746, 0, 0
2067, 19, 178, 442, 1, 0, 23.96%, 0, 0, 7, 540.25, 1073655, 746, 0, 0
2072, 19, 97, 442, 1, 0, 23.96%, 0, 0, 7, 533.31, 1076330, 746, 0, 0
2077, 19, 200, 442, 1, 0, 23.96%, 0, 0, 7, 546.67, 1079100, 746, 0, 0
2083, 19, 97, 443, 2, 0, 23.96%, 0, 0, 7, 551.04, 1081976, 746, 0, 0
2088, 19, 76, 443, 2, 0, 23.96%, 0, 0, 7, 545.47, 1084614, 746, 0, 0
2093, 19, 197, 443, 2, 0, 23.96%, 0, 0, 7, 508.15, 1087180, 746, 0, 0
2098, 19, 97, 443, 2, 0, 23.96%, 0, 0, 7, 544.47, 1089955, 746, 0, 0
2103, 19, 368, 443, 2, 0, 23.96%, 0, 0, 7, 553.84, 1092761, 746, 0, 0
2108, 19, 153, 443, 2, 0, 23.96%, 0, 0, 7, 526.06, 1095434, 746, 0, 0
2113, 19, 51, 443, 2, 0, 23.96%, 0, 0, 7, 550.25, 1098201, 746, 0, 0
2118, 19, 9, 443, 2, 0, 23.96%, 0, 0, 7, 542.61, 1100930, 746, 0, 0
2123, 19, 293, 443, 2, 0, 23.96%, 0, 0, 7, 539.37, 1103676, 746, 0, 0
2128, 19, 34, 443, 2, 0, 23.96%, 0, 0, 7, 539.90, 1106478, 746, 0, 0
2133, 20, 139, 443, 2, 0, 23.96%, 0, 0, 7, 542.75, 1109183, 746, 0, 0
2138, 20, 148, 443, 2, 0, 23.96%, 0, 0, 7, 538.17, 1111920, 746, 0, 0
2144, 20, 9, 443, 2, 0, 23.96%, 0, 0, 7, 532.96, 1114615, 746, 0, 0
2149, 20, 178, 443, 2, 0, 23.96%, 0, 0, 7, 533.60, 1117249, 746, 0, 0
2154, 20, 288, 444, 3, 0, 23.96%, 0, 0, 7, 548.39, 1120102, 746, 0, 0
2159, 20, 147, 444, 3, 0, 23.96%, 0, 0, 7, 534.92, 1122759, 746, 0, 0
2164, 20, 241, 444, 3, 0, 23.96%, 0, 0, 7, 551.43, 1125548, 746, 0, 0
2169, 20, 195, 444, 3, 0, 23.96%, 0, 0, 7, 546.40, 1128382, 746, 0, 0
2174, 20, 443, 444, 3, 0, 23.96%, 0, 0, 7, 521.32, 1130997, 746, 0, 0
2179, 20, 234, 447, 5, 0, 23.96%, 0, 0, 7, 524.32, 1133622, 746, 0, 0
2184, 20, 52, 447, 5, 0, 23.96%, 0, 0, 7, 535.64, 1136337, 746, 0, 0
2189, 20, 185, 447, 5, 0, 23.96%, 0, 0, 7, 550.46, 1139102, 746, 0, 0
2194, 20, 234, 447, 5, 0, 23.96%, 0, 0, 7, 546.20, 1141907, 746, 0, 0
2199, 20, 110, 447, 5, 0, 23.96%, 0, 0, 7, 549.47, 1144665, 746, 0, 0
2205, 20, 295, 447, 5, 0, 23.96%, 0, 0, 7, 555.39, 1147454, 746, 0, 0
2210, 20, 33, 447, 4, 0, 23.96%, 0, 0, 7, 494.58, 1149794, 746, 0, 0
2216, 20, 447, 449, 6, 1, 24.08%, 0, 0, 7, 493.72, 1153017, 750, 0, 0
2221, 20, 448, 449, 5, 1, 24.08%, 0, 0, 7, 494.12, 1155508, 750, 0, 0
2226, 20, 448, 449, 5, 1, 24.08%, 0, 0, 7, 506.56, 1158038, 750, 0, 0
2231, 20, 198, 449, 4, 0, 24.08%, 0, 0, 7, 531.73, 1160778, 750, 0, 0
2236, 20, 400, 450, 5, 0, 24.08%, 0, 0, 7, 525.04, 1163436, 750, 0, 0
2241, 21, 131, 450, 5, 0, 24.08%, 0, 0, 7, 522.55, 1166201, 750, 0, 0
2246, 21, 449, 450, 5, 0, 24.08%, 0, 0, 7, 518.90, 1168831, 750, 0, 0
2251, 21, 309, 451, 5, 0, 24.08%, 0, 0, 7, 537.52, 1171517, 750, 0, 0
2257, 21, 86, 451, 4, 0, 24.08%, 0, 0, 7, 550.84, 1174394, 750, 0, 0
2262, 21, 252, 451, 4, 0, 24.08%, 0, 0, 7, 562.55, 1177213, 750, 0, 0
2267, 21, 147, 451, 4, 0, 24.08%, 0, 0, 7, 560.99, 1180041, 750, 0, 0
2272, 21, 144, 451, 4, 0, 24.08%, 0, 0, 7, 554.86, 1182855, 750, 0, 0
2277, 21, 9, 451, 4, 0, 24.08%, 0, 0, 7, 534.07, 1185597, 750, 0, 0
2282, 21, 51, 451, 4, 0, 24.08%, 0, 0, 7, 550.69, 1188387, 750, 0, 0
2287, 21, 178, 451, 3, 0, 24.08%, 0, 0, 7, 550.23, 1191183, 750, 0, 0
2293, 21, 445, 452, 4, 0, 24.08%, 0, 0, 7, 513.94, 1194050, 750, 0, 0
2298, 21, 9, 452, 3, 0, 24.08%, 0, 0, 7, 544.72, 1196830, 750, 0, 0
2303, 21, 186, 452, 3, 0, 24.08%, 0, 0, 7, 533.04, 1199445, 750, 0, 0
2308, 21, 402, 452, 3, 0, 24.08%, 0, 0, 7, 546.69, 1202310, 750, 0, 0
2314, 21, 451, 452, 3, 0, 24.08%, 0, 0, 7, 503.31, 1205215, 750, 0, 0
2319, 21, 111, 453, 3, 0, 24.08%, 0, 0, 7, 523.59, 1207862, 750, 0, 0
2324, 21, 144, 453, 3, 0, 24.08%, 0, 0, 7, 546.13, 1210742, 750, 0, 0
2329, 21, 189, 453, 3, 0, 24.08%, 0, 0, 7, 553.58, 1213533, 750, 0, 0
2334, 21, 452, 453, 3, 0, 24.08%, 0, 0, 7, 512.56, 1216227, 750, 0, 0
2339, 21, 452, 456, 6, 0, 24.08%, 0, 0, 7, 485.45, 1218620, 750, 0, 0
2344, 21, 452, 456, 6, 0, 24.08%, 0, 0, 7, 488.19, 1221086, 750, 0, 0
2349, 21, 452, 457, 7, 0, 24.08%, 0, 0, 7, 495.35, 1223577, 750, 0, 0
2354, 21, 452, 457, 7, 0, 24.08%, 0, 0, 7, 506.68, 1226155, 750, 0, 0
2359, 21, 452, 457, 7, 0, 24.08%, 0, 0, 7, 497.66, 1228675, 750, 0, 0
2364, 22, 416, 457, 6, 0, 24.08%, 0, 0, 7, 506.59, 1231375, 750, 0, 0
2370, 22, 147, 457, 6, 0, 24.08%, 0, 0, 7, 523.61, 1234095, 750, 0, 0
2375, 22, 453, 457, 6, 0, 24.08%, 0, 0, 7, 494.98, 1236699, 750, 0, 0
2380, 22, 9, 457, 5, 0, 24.08%, 0, 0, 7, 518.12, 1239321, 750, 0, 0
2385, 22, 450, 457, 5, 0, 24.08%, 0, 0, 7, 527.51, 1242031, 750, 0, 0
2390, 22, 452, 457, 4, 0, 24.08%, 0, 0, 7, 518.69, 1244708, 750, 0, 0
2395, 22, 455, 457, 4, 0, 24.08%, 0, 0, 7, 513.29, 1247348, 750, 0, 0
2397, 22, 455, 457, 4, 0, 24.08%, 0, 0, 7, 493.75, 1248243, 750, 0, 0
