# relative_time, cycles_done, cur_item, corpus_count, pending_total, pending_favs, map_size, saved_crashes, saved_hangs, max_depth, execs_per_sec, total_execs, edges_found, total_crashes, servers_count
60, 0, 3, 243, 241, 71, 22.54%, 0, 0, 2, 358.60, 28175, 702, 0, 0
66, 0, 3, 243, 241, 71, 22.54%, 0, 0, 2, 358.38, 29995, 702, 0, 0
71, 0, 9, 249, 245, 81, 22.67%, 0, 0, 2, 367.28, 31855, 706, 0, 0
76, 0, 9, 265, 261, 81, 22.83%, 0, 0, 2, 382.44, 33847, 711, 0, 0
81, 0, 139, 266, 259, 80, 22.83%, 0, 0, 3, 384.88, 35789, 711, 0, 0
86, 0, 47, 270, 259, 76, 22.93%, 0, 0, 3, 382.33, 37725, 714, 0, 0
91, 0, 78, 275, 263, 75, 22.96%, 0, 0, 3, 387.95, 39683, 715, 0, 0
96, 0, 78, 279, 267, 75, 23.06%, 0, 0, 3, 393.57, 41671, 718, 0, 0
101, 0, 78, 282, 270, 75, 23.15%, 0, 0, 3, 386.23, 43652, 721, 0, 0
106, 0, 78, 283, 271, 75, 23.15%, 0, 0, 3, 359.96, 45486, 721, 0, 0
111, 0, 78, 283, 271, 75, 23.15%, 0, 0, 3, 372.25, 47355, 721, 0, 0
116, 0, 78, 284, 272, 75, 23.19%, 0, 0, 3, 343.79, 49154, 722, 0, 0
121, 0, 51, 284, 271, 77, 23.19%, 0, 0, 3, 370.61, 51077, 722, 0, 0
127, 0, 231, 284, 270, 76, 23.19%, 0, 0, 3, 368.17, 52957, 722, 0, 0
132, 0, 89, 284, 269, 75, 23.19%, 0, 0, 3, 355.39, 54725, 722, 0, 0
137, 0, 89, 288, 273, 75, 23.19%, 0, 0, 3, 374.97, 56738, 722, 0, 0
142, 0, 89, 291, 276, 75, 23.19%, 0, 0, 3, 368.35, 58583, 722, 0, 0
147, 0, 97, 291, 274, 73, 23.19%, 0, 0, 3, 351.05, 60361, 722, 0, 0
152, 0, 103, 294, 276, 73, 23.22%, 0, 0, 3, 345.92, 62153, 723, 0, 0
157, 0, 124, 295, 270, 65, 23.22%, 0, 0, 3, 367.89, 64091, 723, 0, 0
162, 0, 191, 296, 265, 59, 23.22%, 0, 0, 3, 348.93, 65831, 723, 0, 0
167, 0, 169, 297, 254, 45, 23.25%, 0, 0, 3, 349.98, 67612, 724, 0, 0
172, 0, 188, 297, 249, 40, 23.25%, 0, 0, 3, 362.90, 69412, 724, 0, 0
178, 0, 200, 297, 241, 32, 23.25%, 0, 0, 3, 394.16, 71491, 724, 0, 0
183, 0, 227, 297, 235, 26, 23.25%, 0, 0, 3, 386.65, 73463, 724, 0, 0
188, 0, 268, 297, 231, 22, 23.25%, 0, 0, 3, 379.10, 75352, 724, 0, 0
193, 0, 292, 297, 224, 17, 23.25%, 0, 0, 3, 384.74, 77263, 724, 0, 0
198, 0, 162, 297, 217, 10, 23.25%, 0, 0, 3, 390.89, 79229, 724, 0, 0
204, 0, 294, 299, 208, 3, 23.35%, 0, 0, 3, 393.02, 81580, 727, 0, 0
209, 0, 175, 302, 207, 0, 23.38%, 0, 0, 4, 390.50, 83620, 728, 0, 0
216, 0, 183, 302, 203, 0, 23.38%, 0, 0, 4, 373.96, 86175, 728, 0, 0
221, 0, 200, 302, 197, 0, 23.38%, 0, 0, 4, 377.42, 88153, 728, 0, 0
226, 0, 65, 302, 196, 0, 23.38%, 0, 0, 4, 369.35, 90035, 728, 0, 0
231, 0, 204, 302, 194, 0, 23.38%, 0, 0, 4, 390.29, 92073, 728, 0, 0
236, 0, 164, 303, 192, 0, 23.44%, 0, 0, 4, 388.41, 94049, 730, 0, 0
241, 0, 122, 303, 190, 0, 23.44%, 0, 0, 4, 377.01, 96026, 730, 0, 0
247, 0, 25, 304, 189, 0, 23.44%, 0, 0, 4, 385.56, 98022, 730, 0, 0
252, 0, 154, 304, 186, 0, 23.44%, 0, 0, 4, 404.20, 100043, 730, 0, 0
257, 0, 287, 304, 184, 0, 23.44%, 0, 0, 4, 410.61, 102161, 730, 0, 0
262, 0, 304, 306, 184, 1, 23.51%, 0, 0, 4, 405.87, 104168, 732, 0, 0
267, 0, 139, 308, 183, 0, 23.51%, 0, 0, 4, 404.18, 106222, 732, 0, 0
272, 0, 269, 311, 183, 0, 23.54%, 0, 0, 4, 406.89, 108259, 733, 0, 0
277, 0, 311, 312, 184, 1, 23.57%, 0, 0, 4, 410.22, 110366, 734, 0, 0
282, 0, 210, 312, 180, 0, 23.57%, 0, 0, 4, 406.33, 112482, 734, 0, 0
287, 0, 202, 313, 179, 0, 23.57%, 0, 0, 4, 398.64, 114502, 734, 0, 0
292, 0, 289, 313, 178, 0, 23.57%, 0, 0, 4, 372.08, 116358, 734, 0, 0
298, 0, 172, 313, 177, 0, 23.57%, 0, 0, 4, 388.29, 118731, 734, 0, 0
303, 0, 118, 316, 175, 0, 23.60%, 0, 0, 4, 403.94, 120793, 735, 0, 0
308, 0, 311, 316, 171, 0, 23.60%, 0, 0, 4, 406.83, 122865, 735, 0, 0
313, 1, 63, 316, 170, 0, 23.60%, 0, 0, 4, 395.38, 124895, 735, 0, 0
320, 1, 66, 317, 170, 0, 23.60%, 0, 0, 4, 386.38, 127312, 735, 0, 0
325, 1, 115, 318, 165, 0, 23.60%, 0, 0, 4, 411.15, 129408, 735, 0, 0
330, 1, 185, 318, 159, 0, 23.60%, 0, 0, 4, 406.70, 131528, 735, 0, 0
335, 1, 68, 319, 156, 0, 23.60%, 0, 0, 4, 390.44, 133437, 735, 0, 0
340, 1, 140, 319, 153, 0, 23.60%, 0, 0, 4, 402.64, 135546, 735, 0, 0
345, 1, 100, 319, 148, 0, 23.60%, 0, 0, 4, 397.74, 137568, 735, 0, 0
350, 1, 107, 320, 144, 0, 23.60%, 0, 0, 4, 397.64, 139646, 735, 0, 0
355, 1, 96, 320, 137, 0, 23.60%, 0, 0, 4, 401.70, 141694, 735, 0, 0
360, 1, 96, 321, 138, 0, 23.60%, 0, 0, 4, 379.79, 143607, 735, 0, 0
366, 1, 124, 323, 138, 0, 23.64%, 0, 0, 4, 375.42, 145537, 736, 0, 0
371, 1, 13, 323, 134, 0, 23.64%, 0, 0, 4, 397.29, 147560, 736, 0, 0
377, 1, 20, 325, 130, 0, 23.67%, 0, 0, 4, 399.36, 150192, 737, 0, 0
382, 1, 103, 328, 129, 0, 23.70%, 0, 0, 4, 390.90, 152217, 738, 0, 0
388, 1, 320, 328, 129, 0, 23.70%, 0, 0, 4, 364.20, 154074, 738, 0, 0
394, 1, 186, 328, 123, 0, 23.70%, 0, 0, 4, 391.26, 156834, 738, 0, 0
399, 1, 196, 328, 118, 0, 23.70%, 0, 0, 4, 372.45, 158720, 738, 0, 0
404, 1, 276, 329, 116, 0, 23.70%, 0, 0, 4, 373.79, 160560, 738, 0, 0
410, 1, 326, 330, 113, 0, 23.70%, 0, 0, 4, 389.10, 162555, 738, 0, 0
415, 1, 288, 334, 115, 0, 23.70%, 0, 0, 4, 399.50, 164605, 738, 0, 0
420, 1, 253, 334, 112, 0, 23.70%, 0, 0, 4, 409.49, 166655, 738, 0, 0
426, 1, 24, 334, 110, 0, 23.70%, 0, 0, 4, 409.31, 169299, 738, 0, 0
431, 1, 293, 334, 105, 0, 23.70%, 0, 0, 4, 418.08, 171489, 738, 0, 0
436, 1, 88, 334, 103, 0, 23.70%, 0, 0, 4, 392.71, 173466, 738, 0, 0
441, 1, 123, 334, 99, 0, 23.70%, 0, 0, 4, 395.31, 175425, 738, 0, 0
446, 1, 12, 335, 96, 0, 23.70%, 0, 0, 4, 402.18, 177467, 738, 0, 0
452, 1, 321, 336, 91, 0, 23.70%, 0, 0, 4, 405.90, 179522, 738, 0, 0
457, 1, 137, 336, 90, 0, 23.70%, 0, 0, 4, 386.36, 181482, 738, 0, 0
462, 1, 158, 336, 87, 0, 23.70%, 0, 0, 4, 389.59, 183451, 738, 0, 0
467, 1, 50, 337, 86, 0, 23.70%, 0, 0, 4, 404.53, 185567, 738, 0, 0
472, 1, 257, 338, 81, 0, 23.76%, 0, 0, 4, 414.89, 187686, 740, 0, 0
477, 1, 91, 339, 77, 0, 23.76%, 0, 0, 4, 410.34, 189738, 740, 0, 0
482, 1, 133, 339, 75, 0, 23.76%, 0, 0, 4, 395.52, 191674, 740, 0, 0
487, 1, 240, 339, 72, 0, 23.76%, 0, 0, 4, 391.69, 193645, 740, 0, 0
492, 1, 282, 340, 70, 0, 23.76%, 0, 0, 4, 361.97, 195477, 740, 0, 0
497, 2, 135, 340, 66, 0, 23.76%, 0, 0, 4, 370.55, 197267, 740, 0, 0
503, 2, 308, 340, 64, 0, 23.76%, 0, 0, 4, 388.91, 199519, 740, 0, 0
508, 2, 159, 341, 63, 0, 23.76%, 0, 0, 4, 403.71, 201639, 740, 0, 0
513, 2, 286, 341, 58, 0, 23.76%, 0, 0, 4, 394.87, 203607, 740, 0, 0
518, 2, 85, 341, 56, 0, 23.76%, 0, 0, 4, 386.10, 205550, 740, 0, 0
523, 2, 215, 341, 53, 0, 23.76%, 0, 0, 4, 398.77, 207649, 740, 0, 0
528, 2, 214, 341, 52, 0, 23.76%, 0, 0, 4, 409.55, 209686, 740, 0, 0
533, 2, 215, 342, 52, 0, 23.76%, 0, 0, 4, 406.52, 211686, 740, 0, 0
538, 2, 214, 342, 49, 0, 23.76%, 0, 0, 4, 418.83, 213814, 740, 0, 0
544, 2, 124, 343, 48, 0, 23.76%, 0, 0, 5, 412.93, 215939, 740, 0, 0
549, 2, 7, 343, 48, 0, 23.76%, 0, 0, 5, 392.98, 217953, 740, 0, 0
555, 2, 195, 343, 46, 0, 23.76%, 0, 0, 5, 410.07, 220493, 740, 0, 0
560, 2, 47, 343, 44, 0, 23.76%, 0, 0, 5, 423.35, 222703, 740, 0, 0
565, 2, 202, 343, 43, 0, 23.76%, 0, 0, 5, 421.03, 224838, 740, 0, 0
570, 2, 316, 343, 43, 0, 23.76%, 0, 0, 5, 388.95, 226814, 740, 0, 0
575, 2, 94, 343, 42, 0, 23.76%, 0, 0, 5, 381.59, 228717, 740, 0, 0
580, 2, 309, 344, 41, 0, 23.76%, 0, 0, 5, 421.24, 230884, 740, 0, 0
585, 2, 206, 344, 39, 0, 23.76%, 0, 0, 5, 421.93, 233069, 740, 0, 0
592, 2, 171, 344, 37, 0, 23.76%, 0, 0, 5, 411.65, 235717, 740, 0, 0
597, 2, 256, 344, 34, 0, 23.76%, 0, 0, 5, 377.94, 237625, 740, 0, 0
602, 2, 213, 344, 33, 0, 23.76%, 0, 0, 5, 378.60, 239531, 740, 0, 0
607, 2, 47, 349, 36, 0, 23.80%, 0, 0, 5, 376.48, 241485, 741, 0, 0
612, 2, 47, 353, 40, 0, 23.83%, 0, 0, 5, 376.24, 243431, 742, 0, 0
618, 2, 47, 353, 40, 0, 23.83%, 0, 0, 5, 370.42, 245342, 742, 0, 0
623, 2, 47, 353, 40, 0, 23.83%, 0, 0, 5, 382.89, 247274, 742, 0, 0
628, 2, 47, 354, 41, 0, 23.83%, 0, 0, 5, 364.94, 249038, 742, 0, 0
633, 2, 47, 354, 41, 0, 23.83%, 0, 0, 5, 389.05, 251082, 742, 0, 0
638, 2, 47, 354, 41, 0, 23.83%, 0, 0, 5, 405.03, 253122, 742, 0, 0
643, 2, 353, 354, 40, 1, 23.83%, 0, 0, 5, 393.75, 255140, 742, 0, 0
648, 2, 330, 354, 39, 0, 23.83%, 0, 0, 5, 389.52, 257180, 742, 0, 0
653, 2, 202, 355, 39, 0, 23.83%, 0, 0, 5, 386.84, 259099, 742, 0, 0
658, 2, 231, 356, 38, 0, 23.83%, 0, 0, 5, 376.82, 261000, 742, 0, 0
663, 2, 355, 357, 39, 0, 23.83%, 0, 0, 5, 335.87, 262657, 742, 0, 0
668, 3, 341, 359, 40, 0, 23.83%, 0, 0, 5, 347.00, 264349, 742, 0, 0
673, 3, 356, 360, 40, 0, 23.83%, 0, 0, 5, 361.77, 266224, 742, 0, 0
678, 3, 358, 360, 39, 0, 23.83%, 0, 0, 5, 298.74, 267739, 742, 0, 0
683, 3, 349, 360, 37, 0, 23.83%, 0, 0, 5, 311.01, 269300, 742, 0, 0
688, 3, 144, 360, 35, 0, 23.83%, 0, 0, 5, 317.31, 270904, 742, 0, 0
693, 3, 310, 363, 37, 0, 23.83%, 0, 0, 5, 303.61, 272394, 742, 0, 0
698, 3, 310, 367, 41, 0, 23.83%, 0, 0, 5, 314.53, 273982, 742, 0, 0
704, 3, 310, 372, 46, 0, 23.83%, 0, 0, 5, 390.09, 276060, 742, 0, 0
709, 3, 310, 372, 46, 0, 23.83%, 0, 0, 5, 379.00, 278076, 742, 0, 0
714, 3, 310, 376, 50, 0, 23.83%, 0, 0, 5, 394.52, 280141, 742, 0, 0
719, 3, 310, 377, 51, 0, 23.83%, 0, 0, 5, 390.85, 282157, 742, 0, 0
724, 3, 310, 377, 51, 0, 23.83%, 0, 0, 5, 363.46, 283950, 742, 0, 0
730, 3, 207, 378, 51, 0, 23.83%, 0, 0, 5, 357.83, 286092, 742, 0, 0
735, 3, 377, 379, 52, 0, 23.83%, 0, 0, 5, 360.10, 287907, 742, 0, 0
740, 3, 377, 382, 55, 0, 23.83%, 0, 0, 5, 347.57, 289632, 742, 0, 0
745, 3, 377, 385, 58, 0, 23.83%, 0, 0, 5, 347.64, 291429, 742, 0, 0
751, 3, 377, 385, 58, 0, 23.83%, 0, 0, 5, 347.61, 293229, 742, 0, 0
756, 3, 377, 385, 58, 0, 23.83%, 0, 0, 5, 343.32, 295011, 742, 0, 0
761, 3, 377, 385, 58, 0, 23.83%, 0, 0, 5, 357.15, 296853, 742, 0, 0
766, 3, 377, 386, 59, 0, 23.83%, 0, 0, 5, 369.42, 298722, 742, 0, 0
771, 3, 377, 387, 60, 0, 23.83%, 0, 0, 5, 340.95, 300515, 742, 0, 0
776, 3, 234, 387, 59, 0, 23.83%, 0, 0, 5, 333.20, 302303, 742, 0, 0
781, 3, 369, 387, 59, 0, 23.83%, 0, 0, 5, 313.58, 304000, 742, 0, 0
786, 3, 383, 387, 58, 0, 23.83%, 0, 0, 5, 260.45, 305171, 742, 0, 0
791, 3, 383, 387, 58, 0, 23.83%, 0, 0, 5, 248.03, 306400, 742, 0, 0
797, 3, 382, 387, 55, 0, 23.83%, 0, 0, 5, 265.69, 307820, 742, 0, 0
802, 3, 212, 387, 54, 0, 23.83%, 0, 0, 5, 276.47, 309262, 742, 0, 0
807, 3, 131, 387, 53, 0, 23.83%, 0, 0, 5, 303.92, 310818, 742, 0, 0
812, 3, 374, 388, 53, 0, 23.83%, 0, 0, 5, 291.01, 312459, 742, 0, 0
817, 3, 380, 388, 51, 0, 23.83%, 0, 0, 5, 289.81, 313796, 742, 0, 0
822, 3, 381, 390, 51, 0, 23.83%, 0, 0, 5, 370.68, 315824, 742, 0, 0
828, 3, 206, 391, 51, 0, 23.83%, 0, 0, 6, 358.03, 317638, 742, 0, 0
833, 3, 268, 391, 50, 0, 23.83%, 0, 0, 6, 273.26, 318894, 742, 0, 0
838, 3, 170, 391, 49, 0, 23.83%, 0, 0, 6, 266.44, 320315, 742, 0, 0
843, 3, 390, 391, 49, 0, 23.83%, 0, 0, 6, 323.85, 321915, 742, 0, 0
849, 3, 363, 391, 48, 0, 23.83%, 0, 0, 6, 331.58, 324110, 742, 0, 0
854, 3, 240, 392, 46, 0, 23.83%, 0, 0, 6, 378.02, 326014, 742, 0, 0
859, 3, 319, 393, 45, 0, 23.86%, 0, 0, 6, 393.53, 328095, 743, 0, 0
865, 3, 362, 393, 44, 0, 23.86%, 0, 0, 6, 346.40, 329799, 743, 0, 0
871, 3, 214, 393, 42, 0, 23.86%, 0, 0, 6, 365.56, 331796, 743, 0, 0
876, 3, 124, 395, 44, 0, 23.86%, 0, 0, 6, 281.40, 333134, 743, 0, 0
881, 3, 111, 395, 41, 0, 23.86%, 0, 0, 6, 369.62, 335123, 743, 0, 0
886, 3, 170, 395, 41, 0, 23.86%, 0, 0, 6, 392.74, 337176, 743, 0, 0
891, 3, 206, 395, 41, 0, 23.86%, 0, 0, 6, 349.30, 338850, 743, 0, 0
896, 3, 373, 398, 44, 0, 23.86%, 0, 0, 6, 303.36, 340323, 743, 0, 0
903, 3, 170, 398, 43, 0, 23.86%, 0, 0, 6, 313.38, 342394, 743, 0, 0
908, 3, 163, 399, 43, 0, 23.86%, 0, 0, 6, 322.06, 344022, 743, 0, 0
913, 3, 396, 399, 42, 0, 23.86%, 0, 0, 6, 331.29, 345699, 743, 0, 0
918, 3, 357, 399, 41, 0, 23.86%, 0, 0, 6, 341.65, 347380, 743, 0, 0
925, 3, 357, 399, 41, 0, 23.86%, 0, 0, 6, 303.17, 349405, 743, 0, 0
930, 3, 177, 399, 39, 0, 23.86%, 0, 0, 6, 401.27, 351585, 743, 0, 0
935, 3, 322, 399, 39, 0, 23.86%, 0, 0, 6, 316.31, 353253, 743, 0, 0
940, 3, 354, 399, 39, 0, 23.86%, 0, 0, 6, 314.02, 354690, 743, 0, 0
945, 3, 354, 401, 41, 0, 23.86%, 0, 0, 6, 262.30, 356030, 743, 0, 0
950, 3, 354, 405, 45, 0, 23.86%, 0, 0, 6, 246.45, 357244, 743, 0, 0
955, 3, 354, 409, 49, 0, 23.86%, 0, 0, 6, 237.95, 358460, 743, 0, 0
961, 3, 354, 411, 51, 0, 23.86%, 0, 0, 6, 237.98, 359694, 743, 0, 0
966, 3, 354, 411, 51, 0, 23.86%, 0, 0, 6, 238.47, 360934, 743, 0, 0
971, 3, 354, 412, 52, 0, 23.89%, 0, 0, 6, 238.91, 362177, 744, 0, 0
976, 3, 354, 412, 52, 0, 23.89%, 0, 0, 6, 352.43, 364165, 744, 0, 0
981, 3, 354, 413, 53, 0, 23.89%, 0, 0, 6, 380.21, 366111, 744, 0, 0
986, 3, 354, 413, 53, 0, 23.89%, 0, 0, 6, 309.39, 367660, 744, 0, 0
991, 3, 354, 413, 53, 0, 23.89%, 0, 0, 6, 287.35, 369071, 744, 0, 0
998, 3, 411, 413, 52, 1, 23.89%, 0, 0, 6, 291.38, 371069, 744, 0, 0
1004, 3, 386, 413, 51, 0, 23.89%, 0, 0, 6, 314.97, 373070, 744, 0, 0
1009, 3, 352, 413, 50, 0, 23.89%, 0, 0, 6, 266.49, 374365, 744, 0, 0
1014, 3, 412, 413, 49, 0, 23.89%, 0, 0, 6, 246.17, 375604, 744, 0, 0
1019, 3, 412, 414, 50, 0, 23.89%, 0, 0, 6, 234.40, 376761, 744, 0, 0
1024, 3, 395, 414, 49, 0, 23.89%, 0, 0, 6, 231.34, 377969, 744, 0, 0
1029, 3, 215, 414, 48, 0, 23.89%, 0, 0, 6, 257.77, 379317, 744, 0, 0
1034, 3, 408, 414, 47, 0, 23.89%, 0, 0, 6, 231.98, 380523, 744, 0, 0
1039, 3, 408, 414, 47, 0, 23.89%, 0, 0, 6, 202.38, 381511, 744, 0, 0
1044, 3, 405, 414, 46, 0, 23.89%, 0, 0, 6, 201.08, 382538, 744, 0, 0
1050, 3, 405, 414, 46, 0, 23.89%, 0, 0, 6, 194.77, 383531, 744, 0, 0
1055, 3, 196, 414, 45, 0, 23.89%, 0, 0, 6, 221.68, 384976, 744, 0, 0
1060, 3, 250, 414, 44, 0, 23.89%, 0, 0, 6, 290.84, 386439, 744, 0, 0
1066, 3, 401, 414, 43, 0, 23.89%, 0, 0, 6, 349.59, 388871, 744, 0, 0
1071, 3, 372, 414, 41, 0, 23.89%, 0, 0, 6, 360.48, 390691, 744, 0, 0
1076, 4, 41, 415, 41, 0, 23.92%, 0, 0, 6, 324.11, 392324, 745, 0, 0
1081, 4, 404, 415, 39, 0, 23.92%, 0, 0, 6, 303.99, 393858, 745, 0, 0
1087, 4, 404, 415, 39, 0, 23.92%, 0, 0, 6, 262.61, 395326, 745, 0, 0
1092, 4, 397, 415, 38, 0, 23.92%, 0, 0, 6, 275.94, 396781, 745, 0, 0
1098, 4, 384, 415, 35, 0, 23.92%, 0, 0, 6, 333.62, 398508, 745, 0, 0
1103, 4, 394, 415, 33, 0, 23.92%, 0, 0, 6, 336.95, 400199, 745, 0, 0
1108, 4, 411, 416, 33, 0, 23.92%, 0, 0, 7, 340.48, 401909, 745, 0, 0
1113, 4, 193, 416, 32, 0, 23.92%, 0, 0, 7, 349.76, 403709, 745, 0, 0
1118, 4, 413, 416, 32, 0, 23.92%, 0, 0, 7, 289.18, 405213, 745, 0, 0
1123, 4, 343, 416, 31, 0, 23.92%, 0, 0, 7, 276.48, 406637, 745, 0, 0
1128, 4, 410, 416, 31, 0, 23.92%, 0, 0, 7, 248.84, 407898, 745, 0, 0
1134, 4, 41, 416, 30, 0, 23.92%, 0, 0, 7, 333.56, 409730, 745, 0, 0
1139, 4, 376, 416, 28, 0, 23.92%, 0, 0, 7, 345.79, 411457, 745, 0, 0
1144, 4, 400, 416, 27, 0, 23.92%, 0, 0, 7, 320.16, 413094, 745, 0, 0
1149, 4, 371, 416, 26, 0, 23.92%, 0, 0, 7, 337.27, 414848, 745, 0, 0
1154, 4, 399, 416, 25, 0, 23.92%, 0, 0, 7, 332.86, 416566, 745, 0, 0
1159, 4, 236, 416, 24, 0, 23.92%, 0, 0, 7, 355.64, 418429, 745, 0, 0
1164, 4, 46, 417, 25, 0, 23.92%, 0, 0, 7, 371.49, 420379, 745, 0, 0
1169, 4, 407, 417, 24, 0, 23.92%, 0, 0, 7, 305.55, 421935, 745, 0, 0
1174, 4, 302, 417, 23, 0, 23.92%, 0, 0, 7, 327.00, 423583, 745, 0, 0
1180, 4, 2, 417, 23, 0, 23.92%, 0, 0, 7, 352.49, 425404, 745, 0, 0
1185, 4, 206, 417, 23, 0, 23.92%, 0, 0, 7, 365.02, 427261, 745, 0, 0
1190, 4, 409, 417, 23, 0, 23.92%, 0, 0, 7, 282.34, 428672, 745, 0, 0
1195, 4, 51, 417, 21, 0, 23.92%, 0, 0, 7, 328.33, 430368, 745, 0, 0
1200, 4, 240, 417, 20, 0, 23.92%, 0, 0, 7, 340.77, 432148, 745, 0, 0
1205, 4, 402, 417, 20, 0, 23.92%, 0, 0, 7, 326.38, 433839, 745, 0, 0
1210, 4, 5, 417, 19, 0, 23.92%, 0, 0, 7, 378.08, 435790, 745, 0, 0
1215, 4, 399, 417, 17, 0, 23.92%, 0, 0, 7, 354.37, 437641, 745, 0, 0
1221, 4, 56, 418, 18, 0, 23.92%, 0, 0, 7, 381.31, 439674, 745, 0, 0
1226, 4, 205, 419, 19, 0, 23.92%, 0, 0, 7, 376.72, 441559, 745, 0, 0
1231, 4, 242, 419, 19, 0, 23.92%, 0, 0, 7, 360.99, 443276, 745, 0, 0
1236, 4, 105, 419, 18, 0, 23.92%, 0, 0, 7, 351.88, 445014, 745, 0, 0
1241, 4, 409, 419, 18, 0, 23.92%, 0, 0, 7, 350.60, 446688, 745, 0, 0
1246, 4, 47, 419, 18, 0, 23.92%, 0, 0, 7, 377.03, 448574, 745, 0, 0
1252, 4, 403, 419, 18, 0, 23.92%, 0, 0, 7, 357.21, 450702, 745, 0, 0
1257, 4, 144, 420, 17, 0, 23.92%, 0, 0, 7, 342.64, 452517, 745, 0, 0
1262, 4, 339, 420, 17, 0, 23.92%, 0, 0, 7, 376.36, 454452, 745, 0, 0
1267, 4, 131, 420, 16, 0, 23.92%, 0, 0, 7, 376.16, 456399, 745, 0, 0
1272, 5, 200, 420, 16, 0, 23.92%, 0, 0, 7, 398.87, 458429, 745, 0, 0
1277, 5, 245, 420, 15, 0, 23.92%, 0, 0, 7, 393.15, 460444, 745, 0, 0
1282, 5, 323, 420, 15, 0, 23.92%, 0, 0, 7, 296.56, 461946, 745, 0, 0
1288, 5, 389, 420, 15, 0, 23.92%, 0, 0, 7, 345.27, 463643, 745, 0, 0
1293, 5, 206, 421, 15, 0, 23.92%, 0, 0, 7, 327.40, 465324, 745, 0, 0
1298, 5, 414, 421, 15, 0, 23.92%, 0, 0, 7, 385.96, 467328, 745, 0, 0
1303, 5, 362, 421, 15, 0, 23.92%, 0, 0, 7, 376.90, 469313, 745, 0, 0
1308, 5, 411, 422, 16, 0, 23.92%, 0, 0, 7, 385.07, 471274, 745, 0, 0
1313, 5, 385, 423, 17, 0, 23.92%, 0, 0, 7, 374.44, 473176, 745, 0, 0
1318, 5, 216, 423, 16, 0, 23.92%, 0, 0, 7, 281.59, 474476, 745, 0, 0
1324, 5, 292, 423, 16, 0, 23.92%, 0, 0, 7, 342.93, 476168, 745, 0, 0
1329, 5, 163, 423, 16, 0, 23.92%, 0, 0, 7, 325.37, 477915, 745, 0, 0
1334, 5, 358, 423, 16, 0, 23.92%, 0, 0, 7, 303.84, 479515, 745, 0, 0
1339, 5, 103, 423, 16, 0, 23.92%, 0, 0, 7, 355.26, 481376, 745, 0, 0
1344, 5, 175, 423, 15, 0, 23.92%, 0, 0, 7, 365.90, 483212, 745, 0, 0
1349, 5, 420, 423, 15, 0, 23.92%, 0, 0, 7, 338.77, 484900, 745, 0, 0
1355, 5, 397, 423, 14, 0, 23.92%, 0, 0, 7, 343.22, 486718, 745, 0, 0
1360, 5, 216, 423, 14, 0, 23.92%, 0, 0, 7, 366.60, 488701, 745, 0, 0
1365, 5, 5, 424, 14, 0, 23.92%, 0, 0, 7, 378.89, 490743, 745, 0, 0
1370, 5, 231, 424, 13, 0, 23.92%, 0, 0, 7, 387.13, 492786, 745, 0, 0
1375, 5, 126, 424, 13, 0, 23.92%, 0, 0, 7, 394.97, 494860, 745, 0, 0
1380, 5, 419, 424, 13, 0, 23.92%, 0, 0, 7, 404.49, 496959, 745, 0, 0
1385, 5, 215, 424, 11, 0, 23.92%, 0, 0, 7, 365.55, 498808, 745, 0, 0
1391, 5, 51, 425, 11, 0, 23.92%, 0, 0, 7, 360.20, 500653, 745, 0, 0
1396, 5, 218, 425, 11, 0, 23.92%, 0, 0, 7, 334.52, 502274, 745, 0, 0
1401, 5, 285, 425, 11, 0, 23.92%, 0, 0, 7, 331.76, 503991, 745, 0, 0
1406, 6, 202, 426, 10, 0, 23.92%, 0, 0, 7, 341.92, 505741, 745, 0, 0
1411, 6, 159, 426, 10, 0, 23.92%, 0, 0, 7, 358.59, 507505, 745, 0, 0
1416, 6, 32, 426, 10, 0, 23.92%, 0, 0, 7, 356.13, 509388, 745, 0, 0
1421, 6, 366, 426, 10, 0, 23.92%, 0, 0, 7, 309.06, 511014, 745, 0, 0
1426, 6, 5, 427, 10, 0, 23.92%, 0, 0, 7, 336.04, 512608, 745, 0, 0
1431, 6, 111, 427, 10, 0, 23.92%, 0, 0, 7, 391.01, 514620, 745, 0, 0
1437, 6, 427, 428, 11, 1, 23.92%, 0, 0, 7, 376.50, 516534, 745, 0, 0
1442, 6, 350, 428, 10, 0, 23.92%, 0, 0, 7, 370.48, 518439, 745, 0, 0
1447, 6, 428, 429, 10, 1, 23.99%, 0, 0, 7, 388.15, 520496, 747, 0, 0
1452, 6, 179, 429, 8, 0, 23.99%, 0, 0, 7, 360.25, 522268, 747, 0, 0
1457, 6, 197, 430, 9, 0, 23.99%, 0, 0, 7, 394.10, 524353, 747, 0, 0
1463, 6, 103, 430, 9, 0, 23.99%, 0, 0, 7, 361.99, 526468, 747, 0, 0
1468, 6, 144, 430, 9, 0, 23.99%, 0, 0, 7, 363.70, 528345, 747, 0, 0
1473, 6, 89, 430, 9, 0, 23.99%, 0, 0, 7, 352.42, 530109, 747, 0, 0
1479, 6, 304, 430, 9, 0, 23.99%, 0, 0, 7, 378.16, 532180, 747, 0, 0
1484, 6, 423, 430, 8, 0, 23.99%, 0, 0, 7, 388.87, 534101, 747, 0, 0
1489, 6, 104, 431, 8, 0, 23.99%, 0, 0, 7, 391.97, 536031, 747, 0, 0
1494, 6, 358, 431, 8, 0, 23.99%, 0, 0, 7, 398.65, 538037, 747, 0, 0
1499, 6, 22, 432, 9, 0, 23.99%, 0, 0, 7, 360.86, 539786, 747, 0, 0
1504, 6, 283, 432, 8, 0, 23.99%, 0, 0, 7, 336.86, 541527, 747, 0, 0
1509, 6, 302, 434, 10, 0, 23.99%, 0, 0, 7, 385.36, 543590, 747, 0, 0
1514, 6, 412, 435, 11, 0, 23.99%, 0, 0, 7, 390.02, 545557, 747, 0, 0
1519, 6, 33, 435, 10, 0, 23.99%, 0, 0, 7, 393.32, 547525, 747, 0, 0
1524, 6, 191, 435, 10, 0, 23.99%, 0, 0, 7, 389.58, 549512, 747, 0, 0
1529, 6, 292, 435, 10, 0, 23.99%, 0, 0, 7, 405.85, 551582, 747, 0, 0
1534, 6, 434, 435, 10, 0, 23.99%, 0, 0, 7, 413.24, 553687, 747, 0, 0
1540, 7, 170, 435, 10, 0, 23.99%, 0, 0, 7, 365.79, 555548, 747, 0, 0
1545, 7, 216, 435, 9, 0, 23.99%, 0, 0, 7, 386.70, 557432, 747, 0, 0
1550, 7, 124, 435, 9, 0, 23.99%, 0, 0, 7, 381.36, 559370, 747, 0, 0
1555, 7, 426, 435, 9, 0, 23.99%, 0, 0, 7, 337.13, 560890, 747, 0, 0
1560, 7, 323, 435, 8, 0, 23.99%, 0, 0, 7, 370.77, 562907, 747, 0, 0
1565, 7, 195, 435, 8, 0, 23.99%, 0, 0, 7, 396.28, 564876, 747, 0, 0
1570, 7, 170, 435, 8, 0, 23.99%, 0, 0, 7, 411.73, 566968, 747, 0, 0
1575, 7, 47, 435, 8, 0, 23.99%, 0, 0, 7, 406.34, 569091, 747, 0, 0
1580, 7, 51, 436, 8, 0, 23.99%, 0, 0, 7, 400.44, 571085, 747, 0, 0
1585, 7, 433, 437, 9, 0, 23.99%, 0, 0, 7, 382.92, 573094, 747, 0, 0
1590, 7, 304, 437, 8, 0, 23.99%, 0, 0, 7, 399.91, 575183, 747, 0, 0
1596, 7, 188, 437, 8, 0, 23.99%, 0, 0, 7, 373.15, 577121, 747, 0, 0
1601, 7, 139, 437, 8, 0, 23.99%, 0, 0, 7, 369.25, 578978, 747, 0, 0
1606, 7, 436, 437, 8, 0, 23.99%, 0, 0, 7, 305.95, 580468, 747, 0, 0
1611, 7, 83, 437, 7, 0, 23.99%, 0, 0, 7, 366.93, 582425, 747, 0, 0
1616, 7, 151, 437, 7, 0, 23.99%, 0, 0, 7, 398.47, 584484, 747, 0, 0
1621, 7, 413, 437, 7, 0, 23.99%, 0, 0, 7, 398.38, 586426, 747, 0, 0
1626, 7, 311, 437, 7, 0, 23.99%, 0, 0, 7, 406.01, 588425, 747, 0, 0
1631, 7, 105, 437, 7, 0, 23.99%, 0, 0, 7, 402.80, 590464, 747, 0, 0
1637, 7, 305, 437, 7, 0, 23.99%, 0, 0, 7, 366.16, 592746, 747, 0, 0
1642, 7, 211, 437, 6, 0, 23.99%, 0, 0, 7, 367.06, 594632, 747, 0, 0
1647, 7, 280, 437, 6, 0, 23.99%, 0, 0, 7, 369.02, 596427, 747, 0, 0
1652, 7, 429, 437, 6, 0, 23.99%, 0, 0, 7, 381.05, 598405, 747, 0, 0
1659, 7, 216, 437, 5, 0, 23.99%, 0, 0, 7, 390.00, 601252, 747, 0, 0
1665, 8, 251, 437, 5, 0, 23.99%, 0, 0, 7, 372.39, 603159, 747, 0, 0
1670, 8, 353, 437, 5, 0, 23.99%, 0, 0, 7, 374.01, 605066, 747, 0, 0
1675, 8, 159, 437, 5, 0, 23.99%, 0, 0, 7, 393.00, 607131, 747, 0, 0
1680, 8, 401, 437, 5, 0, 23.99%, 0, 0, 7, 381.72, 609136, 747, 0, 0
1685, 8, 191, 437, 5, 0, 23.99%, 0, 0, 7, 399.61, 611209, 747, 0, 0
1690, 8, 392, 437, 5, 0, 23.99%, 0, 0, 7, 315.70, 612687, 747, 0, 0
1695, 8, 383, 437, 5, 0, 23.99%, 0, 0, 7, 353.27, 614596, 747, 0, 0
1701, 8, 180, 437, 5, 0, 23.99%, 0, 0, 7, 397.35, 616658, 747, 0, 0
1706, 8, 163, 437, 5, 0, 23.99%, 0, 0, 7, 389.55, 618581, 747, 0, 0
1711, 8, 195, 437, 5, 0, 23.99%, 0, 0, 7, 406.96, 620639, 747, 0, 0
1716, 8, 375, 437, 5, 0, 23.99%, 0, 0, 7, 379.72, 622518, 747, 0, 0
1721, 8, 430, 437, 4, 0, 23.99%, 0, 0, 7, 381.72, 624538, 747, 0, 0
1726, 8, 430, 438, 5, 0, 23.99%, 0, 0, 7, 370.22, 626349, 747, 0, 0
1731, 8, 197, 438, 4, 0, 23.99%, 0, 0, 7, 396.61, 628361, 747, 0, 0
1736, 8, 323, 438, 4, 0, 23.99%, 0, 0, 7, 418.43, 630486, 747, 0, 0
1741, 8, 149, 438, 4, 0, 23.99%, 0, 0, 7, 334.85, 632127, 747, 0, 0
1746, 8, 190, 438, 4, 0, 23.99%, 0, 0, 7, 367.71, 633903, 747, 0, 0
1751, 8, 437, 438, 4, 0, 23.99%, 0, 0, 7, 368.47, 635863, 747, 0, 0
1758, 8, 38, 438, 3, 0, 23.99%, 0, 0, 7, 355.18, 638093, 747, 0, 0
1763, 8, 211, 438, 3, 0, 23.99%, 0, 0, 7, 400.62, 640224, 747, 0, 0
1768, 8, 193, 438, 2, 0, 23.99%, 0, 0, 7, 377.11, 642093, 747, 0, 0
1773, 8, 202, 438, 2, 0, 23.99%, 0, 0, 7, 399.67, 644179, 747, 0, 0
1778, 8, 216, 438, 2, 0, 23.99%, 0, 0, 7, 400.34, 646291, 747, 0, 0
1784, 9, 236, 438, 2, 0, 23.99%, 0, 0, 7, 413.77, 648500, 747, 0, 0
1789, 9, 197, 438, 2, 0, 23.99%, 0, 0, 7, 402.27, 650475, 747, 0, 0
1794, 9, 154, 438, 2, 0, 23.99%, 0, 0, 7, 397.56, 652467, 747, 0, 0
1796, 9, 33, 438, 2, 0, 23.99%, 0, 0, 7, 404.70, 653533, 747, 0, 0
