# relative_time, cycles_done, cur_item, corpus_count, pending_total, pending_favs, map_size, saved_crashes, saved_hangs, max_depth, execs_per_sec, total_execs, edges_found, total_crashes, servers_count
61, 0, 3, 255, 253, 74, 2.64%, 0, 0, 2, 458.07, 28256, 1733, 0, 0
66, 0, 9, 258, 254, 84, 2.65%, 0, 0, 2, 462.48, 30624, 1735, 0, 0
72, 0, 19, 268, 263, 87, 2.66%, 0, 0, 2, 427.64, 32856, 1746, 0, 0
77, 0, 19, 273, 268, 87, 2.69%, 0, 0, 2, 412.06, 34895, 1765, 0, 0
82, 0, 33, 276, 267, 84, 2.69%, 0, 0, 2, 452.40, 37199, 1765, 0, 0
87, 0, 44, 281, 268, 82, 2.70%, 0, 0, 2, 427.10, 39327, 1769, 0, 0
92, 0, 162, 282, 264, 75, 2.70%, 0, 0, 3, 452.90, 41672, 1769, 0, 0
99, 0, 253, 288, 266, 73, 2.71%, 0, 0, 3, 431.38, 44510, 1773, 0, 0
104, 0, 78, 297, 274, 72, 2.71%, 0, 0, 3, 468.26, 46924, 1776, 0, 0
109, 0, 78, 298, 275, 72, 2.72%, 0, 0, 3, 460.63, 49262, 1782, 0, 0
114, 0, 78, 298, 275, 72, 2.72%, 0, 0, 3, 458.12, 51566, 1782, 0, 0
119, 0, 78, 299, 276, 72, 2.72%, 0, 0, 3, 480.47, 54057, 1782, 0, 0
124, 0, 78, 300, 277, 72, 2.73%, 0, 0, 3, 470.61, 56476, 1792, 0, 0
129, 0, 89, 300, 276, 72, 2.73%, 0, 0, 3, 420.89, 58643, 1792, 0, 0
134, 0, 89, 305, 281, 72, 2.73%, 0, 0, 3, 411.90, 60757, 1792, 0, 0
139, 0, 89, 307, 283, 72, 2.73%, 0, 0, 3, 411.57, 62819, 1792, 0, 0
144, 0, 265, 315, 286, 69, 2.73%, 0, 0, 3, 467.99, 65271, 1792, 0, 0
150, 0, 139, 318, 281, 61, 2.73%, 0, 0, 3, 483.11, 67770, 1792, 0, 0
155, 0, 168, 321, 274, 52, 2.73%, 0, 0, 3, 466.33, 70304, 1792, 0, 0
160, 0, 192, 321, 267, 45, 2.73%, 0, 0, 3, 462.10, 72598, 1792, 0, 0
165, 0, 211, 322, 261, 39, 2.73%, 0, 0, 3, 480.56, 75132, 1792, 0, 0
172, 0, 236, 322, 254, 32, 2.73%, 0, 0, 3, 463.98, 78335, 1792, 0, 0
177, 0, 266, 322, 244, 22, 2.73%, 0, 0, 3, 463.52, 80667, 1792, 0, 0
182, 0, 276, 323, 240, 18, 2.73%, 0, 0, 3, 440.86, 82996, 1792, 0, 0
188, 0, 293, 327, 233, 7, 2.73%, 0, 0, 4, 467.39, 85449, 1792, 0, 0
193, 0, 310, 335, 239, 5, 2.73%, 0, 0, 4, 454.70, 87794, 1792, 0, 0
198, 0, 310, 336, 240, 5, 2.73%, 0, 0, 4, 460.75, 90096, 1792, 0, 0
203, 0, 310, 336, 240, 5, 2.73%, 0, 0, 4, 468.22, 92481, 1792, 0, 0
208, 0, 310, 336, 240, 5, 2.73%, 0, 0, 4, 472.25, 94839, 1792, 0, 0
213, 0, 310, 338, 242, 5, 2.74%, 0, 0, 4, 463.29, 97140, 1798, 0, 0
219, 0, 320, 339, 241, 4, 2.74%, 0, 0, 4, 471.15, 100016, 1798, 0, 0
224, 0, 256, 340, 235, 0, 2.74%, 0, 0, 5, 503.40, 102641, 1798, 0, 0
229, 0, 292, 341, 234, 0, 2.74%, 0, 0, 5, 500.10, 105129, 1798, 0, 0
234, 0, 140, 347, 236, 0, 2.76%, 0, 0, 5, 498.24, 107738, 1806, 0, 0
239, 0, 23, 351, 237, 0, 2.76%, 0, 0, 5, 489.94, 110253, 1808, 0, 0
244, 0, 339, 353, 235, 0, 2.77%, 0, 0, 5, 497.30, 112846, 1814, 0, 0
250, 0, 289, 353, 231, 0, 2.77%, 0, 0, 5, 489.28, 115403, 1814, 0, 0
255, 0, 337, 355, 229, 0, 2.77%, 0, 0, 5, 489.14, 117970, 1814, 0, 0
260, 0, 337, 361, 235, 0, 2.77%, 0, 0, 5, 478.32, 120334, 1814, 0, 0
265, 0, 337, 361, 235, 0, 2.77%, 0, 0, 5, 479.96, 122737, 1814, 0, 0
270, 0, 337, 362, 236, 0, 2.77%, 0, 0, 5, 485.24, 125174, 1814, 0, 0
275, 0, 337, 364, 238, 0, 2.77%, 0, 0, 5, 490.61, 127627, 1815, 0, 0
280, 0, 337, 365, 239, 0, 2.77%, 0, 0, 5, 486.81, 130091, 1815, 0, 0
286, 0, 229, 368, 240, 0, 2.77%, 0, 0, 5, 489.69, 132784, 1815, 0, 0
291, 0, 171, 368, 237, 0, 2.77%, 0, 0, 5, 496.58, 135262, 1815, 0, 0
296, 0, 60, 368, 233, 0, 2.77%, 0, 0, 5, 504.80, 137900, 1815, 0, 0
301, 0, 304, 368, 230, 0, 2.77%, 0, 0, 5, 467.78, 140292, 1815, 0, 0
306, 0, 168, 369, 229, 0, 2.78%, 0, 0, 5, 495.35, 142883, 1821, 0, 0
313, 0, 252, 370, 228, 0, 2.78%, 0, 0, 5, 503.05, 146127, 1821, 0, 0
318, 0, 194, 371, 226, 0, 2.78%, 0, 0, 5, 490.97, 148591, 1821, 0, 0
323, 0, 233, 371, 219, 0, 2.78%, 0, 0, 5, 497.96, 151117, 1821, 0, 0
328, 0, 146, 371, 219, 0, 2.78%, 0, 0, 5, 516.65, 153733, 1821, 0, 0
333, 0, 232, 371, 219, 0, 2.78%, 0, 0, 5, 496.72, 156172, 1821, 0, 0
338, 1, 37, 371, 214, 0, 2.78%, 0, 0, 5, 490.54, 158733, 1821, 0, 0
343, 1, 47, 372, 204, 0, 2.78%, 0, 0, 5, 496.49, 161304, 1821, 0, 0
348, 1, 269, 373, 200, 0, 2.78%, 0, 0, 5, 466.66, 163597, 1821, 0, 0
354, 1, 233, 374, 199, 0, 2.78%, 0, 0, 5, 482.35, 166413, 1821, 0, 0
359, 1, 49, 375, 196, 0, 2.78%, 0, 0, 5, 478.63, 168784, 1821, 0, 0
364, 1, 366, 375, 187, 0, 2.78%, 0, 0, 5, 473.23, 171240, 1821, 0, 0
370, 1, 300, 378, 187, 0, 2.78%, 0, 0, 5, 454.46, 173580, 1825, 0, 0
375, 1, 181, 378, 182, 0, 2.78%, 0, 0, 5, 472.01, 175829, 1825, 0, 0
380, 1, 145, 379, 176, 0, 2.78%, 0, 0, 5, 484.93, 178268, 1825, 0, 0
385, 1, 339, 379, 168, 0, 2.78%, 0, 0, 5, 499.09, 180857, 1825, 0, 0
390, 1, 200, 379, 164, 0, 2.78%, 0, 0, 5, 505.55, 183466, 1825, 0, 0
395, 1, 323, 380, 158, 0, 2.78%, 0, 0, 5, 507.25, 186062, 1825, 0, 0
400, 1, 374, 380, 152, 0, 2.78%, 0, 0, 5, 523.60, 188812, 1825, 0, 0
407, 1, 13, 381, 149, 0, 2.78%, 0, 0, 5, 489.49, 192023, 1825, 0, 0
412, 1, 18, 390, 154, 0, 2.78%, 0, 0, 5, 492.14, 194494, 1825, 0, 0
417, 1, 18, 391, 155, 0, 2.79%, 0, 0, 5, 487.03, 196922, 1829, 0, 0
422, 1, 18, 391, 155, 0, 2.79%, 0, 0, 5, 493.98, 199451, 1829, 0, 0
427, 1, 18, 391, 155, 0, 2.79%, 0, 0, 5, 495.53, 201980, 1829, 0, 0
432, 1, 18, 391, 155, 0, 2.79%, 0, 0, 5, 492.83, 204437, 1829, 0, 0
438, 1, 390, 392, 155, 2, 2.79%, 0, 0, 5, 492.29, 207093, 1829, 0, 0
443, 1, 247, 392, 150, 0, 2.79%, 0, 0, 5, 503.06, 209704, 1829, 0, 0
449, 1, 160, 393, 146, 0, 2.79%, 0, 0, 5, 496.26, 212892, 1829, 0, 0
454, 1, 301, 393, 143, 0, 2.79%, 0, 0, 5, 468.03, 215245, 1829, 0, 0
459, 1, 96, 394, 140, 0, 2.79%, 0, 0, 5, 444.63, 217486, 1829, 0, 0
464, 1, 239, 394, 139, 0, 2.79%, 0, 0, 5, 383.58, 219311, 1829, 0, 0
469, 1, 310, 395, 136, 0, 2.79%, 0, 0, 5, 456.25, 221761, 1829, 0, 0
474, 1, 157, 396, 134, 0, 2.79%, 0, 0, 6, 485.18, 224207, 1829, 0, 0
480, 1, 270, 398, 134, 0, 2.79%, 0, 0, 6, 481.59, 226679, 1831, 0, 0
485, 1, 132, 399, 132, 0, 2.79%, 0, 0, 6, 483.08, 229100, 1831, 0, 0
490, 1, 244, 399, 129, 0, 2.79%, 0, 0, 6, 483.79, 231596, 1831, 0, 0
495, 1, 377, 399, 125, 0, 2.79%, 0, 0, 6, 470.24, 233922, 1831, 0, 0
500, 1, 293, 400, 123, 0, 2.79%, 0, 0, 6, 481.42, 236342, 1831, 0, 0
505, 1, 6, 400, 119, 0, 2.79%, 0, 0, 6, 500.86, 238956, 1831, 0, 0
510, 1, 265, 400, 113, 0, 2.79%, 0, 0, 6, 487.35, 241406, 1831, 0, 0
516, 1, 66, 401, 113, 0, 2.79%, 0, 0, 6, 457.04, 243949, 1831, 0, 0
521, 1, 376, 401, 109, 0, 2.79%, 0, 0, 6, 477.59, 246380, 1831, 0, 0
526, 2, 177, 402, 108, 0, 2.79%, 0, 0, 6, 503.19, 248967, 1831, 0, 0
531, 2, 361, 402, 105, 0, 2.79%, 0, 0, 6, 508.25, 251516, 1831, 0, 0
537, 2, 266, 404, 106, 0, 2.79%, 0, 0, 6, 503.83, 254400, 1831, 0, 0
542, 2, 404, 405, 106, 1, 2.80%, 0, 0, 6, 464.74, 256672, 1835, 0, 0
547, 2, 365, 405, 103, 0, 2.80%, 0, 0, 6, 493.18, 259163, 1835, 0, 0
552, 2, 233, 406, 100, 0, 2.80%, 0, 0, 6, 503.22, 261802, 1835, 0, 0
557, 2, 404, 408, 99, 0, 2.80%, 0, 0, 6, 501.75, 264418, 1835, 0, 0
562, 2, 406, 415, 104, 0, 2.80%, 0, 0, 7, 465.33, 266788, 1835, 0, 0
567, 2, 406, 417, 106, 0, 2.80%, 0, 0, 7, 448.87, 269011, 1835, 0, 0
572, 2, 406, 418, 107, 0, 2.80%, 0, 0, 7, 455.24, 271300, 1835, 0, 0
577, 2, 406, 418, 107, 0, 2.80%, 0, 0, 7, 442.46, 273538, 1835, 0, 0
582, 2, 406, 418, 107, 0, 2.80%, 0, 0, 7, 442.94, 275842, 1835, 0, 0
587, 2, 406, 418, 107, 0, 2.80%, 0, 0, 7, 437.97, 278026, 1835, 0, 0
593, 2, 408, 418, 106, 0, 2.80%, 0, 0, 7, 439.18, 280723, 1835, 0, 0
599, 2, 182, 418, 104, 0, 2.80%, 0, 0, 7, 440.75, 282898, 1835, 0, 0
604, 2, 292, 418, 100, 0, 2.80%, 0, 0, 7, 464.07, 285261, 1835, 0, 0
609, 2, 378, 421, 101, 0, 2.80%, 0, 0, 7, 478.57, 287681, 1837, 0, 0
614, 2, 239, 421, 99, 0, 2.80%, 0, 0, 7, 533.86, 290516, 1837, 0, 0
619, 2, 279, 421, 95, 0, 2.80%, 0, 0, 7, 504.03, 293027, 1837, 0, 0
624, 2, 416, 428, 102, 0, 2.80%, 0, 0, 8, 477.43, 295358, 1837, 0, 0
629, 2, 416, 435, 109, 0, 2.80%, 0, 0, 8, 459.26, 297639, 1838, 0, 0
634, 2, 416, 435, 109, 0, 2.80%, 0, 0, 8, 484.70, 300087, 1838, 0, 0
639, 2, 416, 437, 111, 0, 2.80%, 0, 0, 8, 475.62, 302459, 1838, 0, 0
644, 2, 416, 438, 112, 0, 2.80%, 0, 0, 8, 468.25, 304815, 1838, 0, 0
649, 2, 416, 438, 112, 0, 2.80%, 0, 0, 8, 427.58, 306958, 1838, 0, 0
654, 2, 432, 438, 111, 1, 2.80%, 0, 0, 8, 78.97, 307894, 1838, 0, 0
659, 2, 432, 438, 111, 1, 2.80%, 0, 0, 8, 74.24, 308270, 1838, 0, 0
666, 2, 432, 439, 112, 1, 2.81%, 0, 0, 9, 81.94, 308931, 1839, 0, 0
672, 2, 438, 439, 111, 1, 2.81%, 0, 0, 9, 273.34, 311223, 1839, 0, 0
677, 2, 432, 440, 106, 0, 2.81%, 0, 0, 9, 76.56, 313595, 1839, 0, 0
682, 2, 201, 440, 105, 0, 2.81%, 0, 0, 9, 380.04, 315795, 1839, 0, 0
688, 2, 413, 440, 103, 0, 2.81%, 0, 0, 9, 443.23, 318196, 1839, 0, 0
693, 2, 44, 448, 110, 0, 2.81%, 0, 0, 9, 426.10, 320336, 1839, 0, 0
698, 2, 44, 448, 110, 0, 2.81%, 0, 0, 9, 423.30, 322456, 1839, 0, 0
703, 2, 44, 449, 111, 0, 2.81%, 0, 0, 9, 428.21, 324615, 1842, 0, 0
708, 2, 44, 450, 112, 0, 2.81%, 0, 0, 9, 402.61, 326606, 1842, 0, 0
713, 2, 44, 450, 112, 0, 2.81%, 0, 0, 9, 402.91, 328630, 1842, 0, 0
718, 2, 44, 450, 112, 0, 2.81%, 0, 0, 9, 402.71, 330678, 1842, 0, 0
724, 2, 448, 451, 113, 1, 2.81%, 0, 0, 9, 394.77, 333262, 1842, 0, 0
729, 2, 273, 452, 111, 0, 2.81%, 0, 0, 9, 416.04, 335367, 1842, 0, 0
735, 2, 438, 452, 109, 0, 2.81%, 0, 0, 9, 436.26, 337674, 1842, 0, 0
740, 2, 400, 452, 109, 0, 2.81%, 0, 0, 9, 398.72, 339857, 1842, 0, 0
747, 2, 192, 452, 107, 0, 2.81%, 0, 0, 9, 423.71, 342772, 1842, 0, 0
752, 2, 436, 452, 107, 0, 2.81%, 0, 0, 9, 342.31, 344109, 1842, 0, 0
757, 2, 436, 458, 113, 0, 2.81%, 0, 0, 9, 311.69, 345598, 1842, 0, 0
762, 2, 436, 461, 116, 0, 2.81%, 0, 0, 9, 314.50, 347209, 1842, 0, 0
767, 2, 436, 461, 116, 0, 2.81%, 0, 0, 9, 310.70, 348787, 1842, 0, 0
772, 2, 436, 461, 116, 0, 2.81%, 0, 0, 9, 327.96, 350449, 1842, 0, 0
778, 2, 365, 462, 115, 0, 2.81%, 0, 0, 9, 357.22, 352940, 1842, 0, 0
783, 2, 454, 462, 115, 0, 2.81%, 0, 0, 9, 272.01, 354283, 1842, 0, 0
788, 2, 130, 465, 115, 0, 2.81%, 0, 0, 9, 398.12, 356362, 1842, 0, 0
793, 2, 409, 467, 114, 0, 2.81%, 0, 0, 9, 424.98, 358630, 1842, 0, 0
798, 2, 431, 467, 112, 0, 2.81%, 0, 0, 9, 339.80, 360427, 1842, 0, 0
803, 2, 460, 467, 110, 0, 2.81%, 0, 0, 9, 365.49, 362167, 1842, 0, 0
809, 2, 124, 467, 109, 0, 2.81%, 0, 0, 9, 297.35, 363525, 1842, 0, 0
814, 2, 276, 467, 105, 0, 2.81%, 0, 0, 9, 459.21, 366050, 1842, 0, 0
819, 2, 434, 468, 105, 0, 2.81%, 0, 0, 9, 389.77, 367980, 1842, 0, 0
824, 2, 235, 468, 101, 0, 2.81%, 0, 0, 9, 474.39, 370511, 1842, 0, 0
829, 2, 427, 468, 98, 0, 2.81%, 0, 0, 9, 439.16, 372791, 1842, 0, 0
835, 2, 425, 468, 96, 0, 2.81%, 0, 0, 9, 396.24, 374725, 1842, 0, 0
840, 2, 430, 468, 95, 0, 2.81%, 0, 0, 9, 343.96, 376573, 1842, 0, 0
845, 2, 326, 470, 96, 0, 2.81%, 0, 0, 9, 297.70, 378040, 1842, 0, 0
850, 2, 349, 470, 95, 0, 2.81%, 0, 0, 9, 427.83, 380391, 1842, 0, 0
855, 2, 464, 474, 94, 0, 2.81%, 0, 0, 9, 457.77, 382803, 1842, 0, 0
860, 2, 464, 478, 98, 0, 2.81%, 0, 0, 9, 402.32, 384760, 1842, 0, 0
865, 2, 464, 479, 99, 0, 2.81%, 0, 0, 9, 361.51, 386560, 1842, 0, 0
870, 2, 464, 481, 101, 0, 2.81%, 0, 0, 9, 371.88, 388415, 1842, 0, 0
875, 2, 464, 483, 103, 0, 2.81%, 0, 0, 9, 381.79, 390340, 1842, 0, 0
880, 2, 464, 483, 103, 0, 2.81%, 0, 0, 9, 384.64, 392286, 1842, 0, 0
886, 2, 110, 486, 104, 0, 2.81%, 0, 0, 9, 413.84, 394472, 1842, 0, 0
891, 2, 475, 486, 100, 0, 2.81%, 0, 0, 9, 455.92, 396940, 1842, 0, 0
896, 2, 359, 486, 98, 0, 2.81%, 0, 0, 9, 449.14, 399274, 1842, 0, 0
901, 2, 470, 486, 95, 0, 2.81%, 0, 0, 9, 463.26, 401701, 1842, 0, 0
906, 2, 457, 486, 94, 0, 2.81%, 0, 0, 9, 303.42, 403107, 1842, 0, 0
911, 3, 458, 490, 97, 0, 2.81%, 0, 0, 10, 320.89, 404786, 1842, 0, 0
916, 3, 458, 492, 99, 0, 2.81%, 0, 0, 10, 259.20, 406041, 1842, 0, 0
921, 3, 458, 492, 99, 0, 2.81%, 0, 0, 10, 241.90, 407246, 1842, 0, 0
926, 3, 458, 492, 99, 0, 2.81%, 0, 0, 10, 237.72, 408482, 1842, 0, 0
932, 3, 458, 493, 100, 0, 2.81%, 0, 0, 10, 237.62, 409717, 1842, 0, 0
937, 3, 458, 493, 100, 0, 2.81%, 0, 0, 10, 240.35, 410977, 1842, 0, 0
942, 3, 198, 493, 99, 0, 2.81%, 0, 0, 10, 249.53, 412659, 1842, 0, 0
947, 3, 419, 493, 99, 0, 2.81%, 0, 0, 10, 353.87, 414846, 1842, 0, 0
952, 3, 490, 494, 98, 0, 2.81%, 0, 0, 10, 357.64, 416777, 1842, 0, 0
957, 3, 490, 494, 98, 0, 2.81%, 0, 0, 10, 148.52, 417225, 1842, 0, 0
962, 3, 490, 494, 98, 0, 2.81%, 0, 0, 10, 98.91, 417676, 1842, 0, 0
967, 3, 369, 494, 97, 0, 2.81%, 0, 0, 10, 169.45, 418657, 1842, 0, 0
973, 3, 492, 497, 99, 0, 2.81%, 0, 0, 11, 343.99, 420791, 1842, 0, 0
978, 3, 492, 501, 103, 0, 2.81%, 0, 0, 11, 248.06, 421906, 1842, 0, 0
983, 3, 492, 502, 104, 0, 2.81%, 0, 0, 11, 213.23, 422945, 1842, 0, 0
988, 3, 492, 504, 106, 0, 2.81%, 0, 0, 11, 209.24, 424019, 1842, 0, 0
993, 3, 492, 505, 107, 0, 2.81%, 0, 0, 11, 205.13, 425038, 1842, 0, 0
998, 3, 492, 505, 107, 0, 2.81%, 0, 0, 11, 209.43, 426090, 1842, 0, 0
1003, 3, 492, 505, 107, 0, 2.81%, 0, 0, 11, 206.59, 427158, 1842, 0, 0
1008, 3, 492, 505, 107, 0, 2.81%, 0, 0, 11, 213.39, 428226, 1842, 0, 0
1013, 3, 492, 505, 107, 0, 2.81%, 0, 0, 11, 205.42, 429247, 1842, 0, 0
1018, 3, 492, 505, 107, 0, 2.81%, 0, 0, 11, 200.22, 430263, 1842, 0, 0
1023, 3, 459, 505, 106, 0, 2.81%, 0, 0, 11, 263.48, 432036, 1842, 0, 0
1029, 3, 295, 505, 105, 0, 2.81%, 0, 0, 11, 277.35, 433770, 1842, 0, 0
1034, 3, 302, 505, 103, 0, 2.81%, 0, 0, 11, 404.44, 436173, 1842, 0, 0
1039, 3, 302, 505, 103, 0, 2.81%, 0, 0, 11, 397.37, 438275, 1842, 0, 0
1044, 3, 496, 505, 100, 0, 2.81%, 0, 0, 11, 377.14, 440199, 1842, 0, 0
1049, 3, 454, 505, 98, 0, 2.81%, 0, 0, 11, 376.00, 442050, 1842, 0, 0
1054, 3, 456, 505, 97, 0, 2.81%, 0, 0, 11, 350.91, 443962, 1842, 0, 0
1059, 3, 456, 505, 97, 0, 2.81%, 0, 0, 11, 289.26, 445360, 1842, 0, 0
1064, 3, 501, 505, 95, 0, 2.81%, 0, 0, 11, 70.19, 446105, 1842, 0, 0
1069, 3, 501, 505, 95, 0, 2.81%, 0, 0, 11, 67.38, 446439, 1842, 0, 0
1074, 3, 501, 505, 95, 0, 2.81%, 0, 0, 11, 63.17, 446764, 1842, 0, 0
1079, 3, 243, 505, 94, 0, 2.81%, 0, 0, 11, 508.56, 448117, 1842, 0, 0
1085, 3, 502, 505, 89, 0, 2.81%, 0, 0, 11, 422.48, 450284, 1842, 0, 0
1090, 3, 224, 505, 87, 0, 2.81%, 0, 0, 11, 364.39, 451992, 1842, 0, 0
1096, 3, 426, 505, 86, 0, 2.81%, 0, 0, 11, 279.98, 453855, 1842, 0, 0
1102, 3, 107, 505, 83, 0, 2.81%, 0, 0, 11, 396.53, 456003, 1842, 0, 0
1107, 3, 487, 505, 81, 0, 2.81%, 0, 0, 11, 378.36, 457911, 1842, 0, 0
1112, 3, 306, 505, 80, 0, 2.81%, 0, 0, 11, 362.37, 459731, 1842, 0, 0
1117, 3, 306, 510, 85, 0, 2.82%, 0, 0, 11, 405.81, 461804, 1845, 0, 0
1122, 3, 306, 511, 86, 0, 2.82%, 0, 0, 11, 406.90, 463867, 1845, 0, 0
1127, 3, 306, 512, 87, 0, 2.82%, 0, 0, 11, 419.96, 466034, 1845, 0, 0
1132, 3, 306, 512, 87, 0, 2.82%, 0, 0, 11, 445.23, 468338, 1845, 0, 0
1137, 3, 306, 512, 87, 0, 2.82%, 0, 0, 11, 410.78, 470426, 1845, 0, 0
1143, 3, 306, 513, 88, 0, 2.82%, 0, 0, 11, 416.38, 472545, 1845, 0, 0
1149, 3, 507, 514, 88, 3, 2.82%, 0, 0, 11, 401.24, 475253, 1850, 0, 0
1154, 3, 509, 514, 87, 2, 2.82%, 0, 0, 11, 405.67, 477498, 1850, 0, 0
1160, 3, 513, 514, 86, 1, 2.82%, 0, 0, 11, 369.00, 479746, 1850, 0, 0
1166, 3, 515, 516, 86, 1, 2.82%, 0, 0, 11, 389.53, 481813, 1850, 0, 0
1171, 3, 514, 517, 86, 0, 2.82%, 0, 0, 11, 404.14, 483912, 1850, 0, 0
1176, 3, 0, 517, 86, 0, 2.82%, 0, 0, 11, 127.35, 485852, 1850, 0, 0
1181, 3, 516, 517, 85, 0, 2.82%, 0, 0, 11, 380.79, 488229, 1850, 0, 0
1187, 3, 395, 517, 82, 0, 2.82%, 0, 0, 11, 426.65, 490395, 1850, 0, 0
1192, 3, 65, 517, 81, 0, 2.82%, 0, 0, 11, 443.52, 492697, 1850, 0, 0
1197, 3, 468, 517, 80, 0, 2.82%, 0, 0, 11, 270.41, 494066, 1850, 0, 0
1202, 3, 468, 517, 80, 0, 2.82%, 0, 0, 11, 130.04, 494557, 1850, 0, 0
1207, 3, 485, 517, 79, 0, 2.82%, 0, 0, 11, 141.17, 495436, 1850, 0, 0
1212, 3, 97, 517, 76, 0, 2.82%, 0, 0, 11, 364.40, 497564, 1850, 0, 0
1218, 3, 506, 517, 75, 0, 2.82%, 0, 0, 11, 434.15, 500298, 1850, 0, 0
1223, 3, 499, 517, 70, 0, 2.82%, 0, 0, 11, 436.26, 502482, 1850, 0, 0
1228, 3, 415, 517, 69, 0, 2.82%, 0, 0, 11, 271.11, 503616, 1850, 0, 0
1233, 3, 221, 518, 68, 0, 2.82%, 0, 0, 11, 432.93, 506065, 1850, 0, 0
1239, 3, 423, 518, 68, 0, 2.82%, 0, 0, 11, 441.53, 508352, 1850, 0, 0
1244, 3, 512, 518, 66, 0, 2.82%, 0, 0, 11, 481.20, 510784, 1850, 0, 0
1249, 3, 452, 518, 63, 0, 2.82%, 0, 0, 11, 401.84, 512777, 1850, 0, 0
1254, 3, 418, 518, 62, 0, 2.82%, 0, 0, 11, 293.42, 514050, 1850, 0, 0
1260, 3, 486, 518, 62, 0, 2.82%, 0, 0, 11, 404.56, 516852, 1850, 0, 0
1265, 3, 104, 518, 59, 0, 2.82%, 0, 0, 11, 413.06, 518768, 1850, 0, 0
1270, 3, 474, 521, 61, 0, 2.82%, 0, 0, 11, 467.26, 521220, 1850, 0, 0
1275, 3, 303, 522, 61, 0, 2.82%, 0, 0, 11, 443.15, 523373, 1850, 0, 0
1281, 3, 306, 522, 60, 0, 2.82%, 0, 0, 11, 444.85, 525479, 1850, 0, 0
1286, 3, 453, 522, 60, 0, 2.82%, 0, 0, 11, 322.36, 527115, 1850, 0, 0
1291, 3, 493, 522, 59, 0, 2.82%, 0, 0, 11, 353.11, 528837, 1850, 0, 0
1296, 3, 510, 522, 58, 0, 2.82%, 0, 0, 11, 362.32, 530842, 1850, 0, 0
1301, 3, 405, 522, 57, 0, 2.82%, 0, 0, 11, 366.75, 532655, 1850, 0, 0
1306, 3, 437, 522, 56, 0, 2.82%, 0, 0, 11, 387.83, 534607, 1850, 0, 0
1311, 3, 392, 523, 54, 0, 2.82%, 0, 0, 11, 408.99, 536717, 1850, 0, 0
1316, 3, 498, 523, 53, 0, 2.82%, 0, 0, 11, 65.04, 537706, 1850, 0, 0
1322, 3, 498, 523, 53, 0, 2.82%, 0, 0, 11, 79.15, 538456, 1850, 0, 0
1327, 3, 403, 523, 50, 0, 2.82%, 0, 0, 11, 345.86, 540286, 1850, 0, 0
1333, 3, 378, 523, 46, 0, 2.82%, 0, 0, 11, 465.30, 543153, 1850, 0, 0
1338, 3, 276, 523, 44, 0, 2.82%, 0, 0, 11, 478.68, 545609, 1850, 0, 0
1344, 3, 172, 523, 43, 0, 2.82%, 0, 0, 11, 483.41, 548375, 1850, 0, 0
1349, 3, 404, 523, 43, 0, 2.82%, 0, 0, 11, 497.93, 550968, 1850, 0, 0
1354, 3, 368, 525, 44, 0, 2.82%, 0, 0, 11, 428.89, 553172, 1850, 0, 0
1359, 3, 104, 525, 43, 0, 2.82%, 0, 0, 11, 400.66, 555302, 1850, 0, 0
1364, 3, 469, 525, 43, 0, 2.82%, 0, 0, 11, 182.97, 556020, 1850, 0, 0
1370, 3, 469, 525, 43, 0, 2.82%, 0, 0, 11, 124.26, 556935, 1850, 0, 0
1376, 3, 491, 525, 42, 0, 2.82%, 0, 0, 11, 200.50, 558077, 1850, 0, 0
1381, 3, 440, 525, 41, 0, 2.82%, 0, 0, 11, 282.91, 559368, 1850, 0, 0
1386, 3, 516, 525, 39, 0, 2.82%, 0, 0, 11, 388.60, 561658, 1850, 0, 0
1391, 3, 455, 525, 39, 0, 2.82%, 0, 0, 11, 320.22, 563391, 1850, 0, 0
1396, 3, 199, 525, 38, 0, 2.82%, 0, 0, 11, 420.73, 565495, 1850, 0, 0
1401, 3, 520, 525, 36, 0, 2.82%, 0, 0, 11, 469.57, 567926, 1850, 0, 0
1406, 3, 195, 525, 35, 0, 2.82%, 0, 0, 11, 447.70, 570129, 1850, 0, 0
1412, 3, 114, 525, 31, 0, 2.82%, 0, 0, 11, 471.03, 572551, 1850, 0, 0
1417, 4, 505, 525, 31, 0, 2.82%, 0, 0, 11, 476.33, 574972, 1850, 0, 0
1422, 4, 473, 525, 29, 0, 2.82%, 0, 0, 11, 441.16, 577065, 1850, 0, 0
1427, 4, 497, 525, 28, 0, 2.82%, 0, 0, 11, 62.76, 579074, 1850, 0, 0
1432, 4, 497, 525, 28, 0, 2.82%, 0, 0, 11, 70.62, 579434, 1850, 0, 0
1437, 4, 497, 525, 28, 0, 2.82%, 0, 0, 11, 63.77, 579746, 1850, 0, 0
1442, 4, 497, 525, 28, 0, 2.82%, 0, 0, 11, 75.73, 580399, 1850, 0, 0
1447, 4, 424, 528, 28, 0, 2.82%, 0, 0, 11, 455.26, 582580, 1850, 0, 0
1452, 4, 205, 528, 27, 0, 2.82%, 0, 0, 11, 467.47, 584855, 1850, 0, 0
1457, 4, 266, 528, 26, 0, 2.82%, 0, 0, 11, 459.61, 587186, 1850, 0, 0
1462, 4, 404, 528, 24, 0, 2.82%, 0, 0, 11, 516.97, 589406, 1850, 0, 0
1467, 4, 433, 528, 24, 0, 2.82%, 0, 0, 11, 441.40, 591438, 1850, 0, 0
1472, 4, 488, 528, 23, 0, 2.82%, 0, 0, 11, 472.66, 593860, 1850, 0, 0
1477, 4, 265, 528, 22, 0, 2.82%, 0, 0, 11, 488.35, 596271, 1850, 0, 0
1483, 4, 438, 528, 22, 0, 2.82%, 0, 0, 11, 476.80, 598710, 1850, 0, 0
1488, 4, 404, 528, 22, 0, 2.82%, 0, 0, 11, 494.01, 600906, 1850, 0, 0
1493, 4, 305, 528, 22, 0, 2.82%, 0, 0, 11, 482.27, 603360, 1850, 0, 0
1498, 4, 523, 528, 21, 0, 2.82%, 0, 0, 11, 475.50, 605801, 1850, 0, 0
1503, 4, 29, 530, 21, 0, 2.82%, 0, 0, 11, 507.26, 608474, 1850, 0, 0
1508, 4, 428, 530, 21, 0, 2.82%, 0, 0, 11, 471.05, 610471, 1850, 0, 0
1513, 4, 402, 530, 19, 0, 2.82%, 0, 0, 11, 467.64, 612732, 1850, 0, 0
1518, 4, 198, 530, 19, 0, 2.82%, 0, 0, 11, 457.50, 614982, 1850, 0, 0
1523, 4, 405, 530, 18, 0, 2.82%, 0, 0, 11, 354.63, 616457, 1850, 0, 0
1529, 4, 515, 530, 17, 0, 2.82%, 0, 0, 11, 439.16, 618910, 1850, 0, 0
1534, 4, 282, 530, 17, 0, 2.82%, 0, 0, 11, 475.50, 621285, 1850, 0, 0
1539, 4, 358, 530, 17, 0, 2.82%, 0, 0, 11, 502.76, 623922, 1850, 0, 0
1544, 4, 525, 530, 16, 0, 2.82%, 0, 0, 11, 484.08, 626400, 1850, 0, 0
1549, 4, 211, 530, 15, 0, 2.82%, 0, 0, 11, 488.83, 628894, 1850, 0, 0
1554, 4, 507, 530, 15, 0, 2.82%, 0, 0, 11, 475.94, 631334, 1850, 0, 0
1560, 4, 439, 530, 14, 0, 2.82%, 0, 0, 11, 481.42, 634319, 1850, 0, 0
1565, 4, 247, 530, 14, 0, 2.82%, 0, 0, 11, 447.64, 636617, 1850, 0, 0
1570, 4, 504, 530, 14, 0, 2.82%, 0, 0, 11, 408.53, 638258, 1850, 0, 0
1575, 4, 412, 530, 13, 0, 2.82%, 0, 0, 11, 364.08, 639856, 1850, 0, 0
1580, 4, 93, 530, 12, 0, 2.82%, 0, 0, 11, 459.10, 642193, 1850, 0, 0
1586, 4, 295, 531, 13, 0, 2.82%, 0, 0, 11, 473.55, 644723, 1850, 0, 0
1591, 4, 33, 531, 13, 0, 2.82%, 0, 0, 11, 438.22, 647191, 1850, 0, 0
1597, 4, 530, 531, 13, 0, 2.82%, 0, 0, 11, 500.40, 649866, 1850, 0, 0
1602, 4, 515, 531, 12, 0, 2.82%, 0, 0, 11, 486.35, 652331, 1850, 0, 0
1607, 4, 146, 531, 12, 0, 2.82%, 0, 0, 11, 428.13, 654443, 1850, 0, 0
1612, 5, 33, 531, 12, 0, 2.82%, 0, 0, 11, 431.11, 656352, 1850, 0, 0
1617, 5, 461, 532, 12, 0, 2.82%, 0, 0, 11, 459.44, 658608, 1850, 0, 0
1622, 5, 211, 533, 13, 0, 2.82%, 0, 0, 11, 469.54, 660964, 1850, 0, 0
1627, 5, 351, 534, 14, 0, 2.82%, 0, 0, 11, 535.42, 663298, 1850, 0, 0
1633, 5, 235, 536, 16, 0, 2.82%, 0, 0, 11, 429.86, 665430, 1850, 0, 0
1638, 5, 298, 536, 16, 0, 2.82%, 0, 0, 11, 472.09, 667371, 1850, 0, 0
1643, 5, 285, 537, 17, 0, 2.82%, 0, 0, 11, 487.00, 669894, 1850, 0, 0
1648, 5, 499, 537, 17, 0, 2.82%, 0, 0, 11, 466.40, 672282, 1850, 0, 0
1653, 5, 535, 537, 17, 0, 2.82%, 0, 0, 11, 465.20, 674548, 1850, 0, 0
1658, 5, 534, 537, 16, 0, 2.82%, 0, 0, 11, 348.03, 675984, 1850, 0, 0
1663, 5, 297, 538, 16, 0, 2.82%, 0, 0, 11, 405.15, 678175, 1850, 0, 0
1668, 5, 44, 538, 16, 0, 2.82%, 0, 0, 11, 477.80, 680328, 1850, 0, 0
1674, 5, 516, 538, 16, 0, 2.82%, 0, 0, 11, 505.69, 683001, 1850, 0, 0
1679, 5, 212, 538, 14, 0, 2.82%, 0, 0, 11, 503.65, 685497, 1850, 0, 0
1684, 5, 230, 538, 14, 0, 2.82%, 0, 0, 11, 449.08, 687750, 1850, 0, 0
1689, 5, 515, 538, 13, 0, 2.82%, 0, 0, 11, 474.40, 690174, 1850, 0, 0
1694, 5, 508, 538, 13, 0, 2.82%, 0, 0, 11, 421.67, 692259, 1850, 0, 0
1699, 5, 340, 538, 11, 0, 2.82%, 0, 0, 11, 475.82, 694765, 1850, 0, 0
1704, 5, 239, 539, 12, 0, 2.82%, 0, 0, 11, 492.08, 697374, 1850, 0, 0
1711, 5, 537, 539, 12, 0, 2.82%, 0, 0, 11, 360.78, 699840, 1850, 0, 0
1716, 5, 189, 539, 11, 0, 2.82%, 0, 0, 11, 451.61, 702287, 1850, 0, 0
1721, 5, 172, 539, 10, 0, 2.82%, 0, 0, 11, 375.91, 704157, 1850, 0, 0
1726, 5, 378, 539, 10, 0, 2.82%, 0, 0, 11, 435.74, 706347, 1850, 0, 0
1731, 5, 531, 539, 10, 0, 2.82%, 0, 0, 11, 474.25, 708798, 1850, 0, 0
1737, 5, 235, 539, 10, 0, 2.82%, 0, 0, 11, 532.34, 710896, 1850, 0, 0
1742, 5, 361, 539, 10, 0, 2.82%, 0, 0, 11, 501.54, 713368, 1850, 0, 0
1747, 5, 532, 539, 10, 0, 2.82%, 0, 0, 11, 459.00, 715714, 1850, 0, 0
1752, 5, 532, 539, 10, 0, 2.82%, 0, 0, 11, 444.09, 718013, 1850, 0, 0
1757, 5, 438, 539, 9, 0, 2.82%, 0, 0, 11, 456.67, 720319, 1850, 0, 0
1762, 5, 29, 539, 9, 0, 2.82%, 0, 0, 11, 470.24, 722718, 1850, 0, 0
1769, 5, 531, 539, 9, 0, 2.82%, 0, 0, 11, 631.73, 727503, 1850, 0, 0
1774, 5, 466, 539, 9, 0, 2.82%, 0, 0, 11, 808.64, 731756, 1850, 0, 0
1779, 6, 277, 539, 9, 0, 2.82%, 0, 0, 11, 869.87, 736270, 1850, 0, 0
1784, 6, 205, 541, 10, 0, 2.82%, 0, 0, 11, 794.26, 740177, 1851, 0, 0
1789, 6, 539, 543, 11, 0, 2.82%, 0, 0, 11, 848.30, 744610, 1851, 0, 0
1794, 6, 514, 544, 10, 0, 2.82%, 0, 0, 11, 796.69, 748446, 1851, 0, 0
1796, 6, 373, 544, 9, 0, 2.82%, 0, 0, 11, 817.62, 749502, 1851, 0, 0
