# relative_time, cycles_done, cur_item, corpus_count, pending_total, pending_favs, map_size, saved_crashes, saved_hangs, max_depth, execs_per_sec, total_execs, edges_found, total_crashes, servers_count
61, 0, 7, 197, 196, 64, 24.89%, 0, 0, 2, 386.43, 23098, 775, 0, 0
66, 0, 7, 199, 198, 64, 24.95%, 0, 0, 2, 387.57, 25044, 777, 0, 0
71, 0, 7, 202, 201, 64, 25.02%, 0, 0, 2, 385.80, 27053, 779, 0, 0
76, 0, 7, 202, 201, 64, 25.02%, 0, 0, 2, 376.22, 28957, 779, 0, 0
81, 0, 12, 210, 207, 75, 25.02%, 0, 0, 2, 380.12, 30957, 779, 0, 0
86, 0, 12, 219, 216, 75, 25.37%, 0, 0, 2, 383.20, 32942, 790, 0, 0
92, 0, 16, 230, 225, 76, 25.50%, 0, 0, 2, 381.93, 34932, 794, 0, 0
97, 0, 16, 237, 232, 76, 25.50%, 0, 0, 2, 375.31, 36817, 794, 0, 0
102, 0, 22, 255, 248, 83, 25.79%, 0, 0, 2, 371.98, 38717, 803, 0, 0
107, 0, 22, 267, 260, 83, 25.85%, 0, 0, 2, 350.26, 40423, 805, 0, 0
112, 0, 22, 271, 264, 83, 25.88%, 0, 0, 2, 351.17, 42245, 806, 0, 0
117, 0, 22, 273, 266, 83, 25.95%, 0, 0, 2, 368.68, 44122, 808, 0, 0
122, 0, 22, 274, 267, 83, 25.98%, 0, 0, 2, 368.40, 46047, 809, 0, 0
127, 0, 22, 274, 267, 83, 25.98%, 0, 0, 2, 368.01, 47937, 809, 0, 0
132, 0, 22, 274, 267, 83, 25.98%, 0, 0, 2, 355.85, 49736, 809, 0, 0
137, 0, 22, 275, 268, 83, 25.98%, 0, 0, 2, 351.20, 51507, 809, 0, 0
142, 0, 22, 275, 268, 83, 25.98%, 0, 0, 2, 352.39, 53285, 809, 0, 0
147, 0, 22, 275, 268, 83, 25.98%, 0, 0, 2, 365.24, 55119, 809, 0, 0
153, 0, 22, 275, 268, 83, 25.98%, 0, 0, 2, 341.24, 56811, 809, 0, 0
158, 0, 22, 277, 270, 83, 25.98%, 0, 0, 2, 350.85, 58570, 809, 0, 0
163, 0, 22, 277, 270, 83, 25.98%, 0, 0, 2, 356.90, 60383, 809, 0, 0
168, 0, 22, 277, 270, 83, 25.98%, 0, 0, 2, 350.66, 62133, 809, 0, 0
173, 0, 22, 277, 270, 83, 25.98%, 0, 0, 2, 356.46, 63939, 809, 0, 0
178, 0, 22, 277, 270, 83, 25.98%, 0, 0, 2, 356.37, 65752, 809, 0, 0
183, 0, 22, 277, 270, 83, 25.98%, 0, 0, 2, 355.06, 67551, 809, 0, 0
188, 0, 22, 277, 270, 83, 25.98%, 0, 0, 2, 361.33, 69385, 809, 0, 0
193, 0, 22, 277, 270, 83, 25.98%, 0, 0, 2, 342.13, 71063, 809, 0, 0
198, 0, 22, 277, 270, 83, 25.98%, 0, 0, 2, 352.55, 72899, 809, 0, 0
203, 0, 22, 277, 270, 83, 25.98%, 0, 0, 2, 356.97, 74705, 809, 0, 0
208, 0, 22, 277, 270, 83, 25.98%, 0, 0, 2, 356.30, 76518, 809, 0, 0
213, 0, 22, 277, 270, 83, 25.98%, 0, 0, 2, 349.02, 78257, 809, 0, 0
218, 0, 22, 277, 270, 83, 25.98%, 0, 0, 2, 345.67, 79985, 809, 0, 0
223, 0, 22, 277, 270, 83, 25.98%, 0, 0, 2, 362.31, 81873, 809, 0, 0
229, 0, 22, 277, 270, 83, 25.98%, 0, 0, 2, 376.52, 83833, 809, 0, 0
234, 0, 22, 277, 270, 83, 25.98%, 0, 0, 2, 379.52, 85807, 809, 0, 0
239, 0, 22, 277, 270, 83, 25.98%, 0, 0, 2, 376.15, 87732, 809, 0, 0
244, 0, 22, 277, 270, 83, 25.98%, 0, 0, 2, 370.65, 89573, 809, 0, 0
250, 0, 24, 277, 269, 89, 25.98%, 0, 0, 2, 380.31, 92086, 809, 0, 0
256, 0, 27, 281, 271, 88, 26.01%, 0, 0, 3, 364.84, 93977, 810, 0, 0
261, 0, 29, 288, 277, 87, 26.04%, 0, 0, 3, 351.03, 95720, 811, 0, 0
266, 0, 30, 292, 280, 87, 26.04%, 0, 0, 3, 329.51, 97400, 811, 0, 0
271, 0, 30, 298, 286, 87, 26.11%, 0, 0, 3, 361.48, 99199, 813, 0, 0
276, 0, 30, 300, 288, 87, 26.17%, 0, 0, 3, 376.74, 101131, 815, 0, 0
281, 0, 30, 300, 288, 87, 26.17%, 0, 0, 3, 351.35, 102853, 815, 0, 0
286, 0, 30, 300, 288, 87, 26.17%, 0, 0, 3, 360.92, 104680, 815, 0, 0
291, 0, 30, 300, 288, 87, 26.17%, 0, 0, 3, 381.70, 106619, 815, 0, 0
296, 0, 30, 300, 288, 87, 26.17%, 0, 0, 3, 391.70, 108593, 815, 0, 0
301, 0, 32, 300, 287, 89, 26.17%, 0, 0, 3, 383.13, 110536, 815, 0, 0
306, 0, 240, 301, 286, 88, 26.20%, 0, 0, 3, 378.41, 112523, 816, 0, 0
312, 0, 153, 305, 287, 85, 26.20%, 0, 0, 3, 378.72, 114353, 816, 0, 0
317, 0, 153, 305, 287, 85, 26.20%, 0, 0, 3, 380.78, 116308, 816, 0, 0
322, 0, 42, 325, 306, 84, 26.46%, 0, 0, 3, 362.98, 118136, 824, 0, 0
327, 0, 42, 327, 308, 84, 26.53%, 0, 0, 3, 374.15, 120095, 826, 0, 0
332, 0, 42, 329, 310, 84, 26.65%, 0, 0, 3, 365.04, 121957, 830, 0, 0
337, 0, 42, 330, 311, 84, 26.65%, 0, 0, 3, 375.74, 123910, 830, 0, 0
342, 0, 42, 330, 311, 84, 26.65%, 0, 0, 3, 385.67, 125947, 830, 0, 0
347, 0, 42, 333, 314, 84, 26.72%, 0, 0, 3, 388.57, 127900, 832, 0, 0
352, 0, 42, 335, 316, 84, 26.72%, 0, 0, 3, 388.93, 129860, 832, 0, 0
357, 0, 42, 335, 316, 84, 26.72%, 0, 0, 3, 380.33, 131785, 832, 0, 0
363, 0, 42, 338, 319, 84, 26.78%, 0, 0, 3, 388.76, 133738, 834, 0, 0
368, 0, 42, 338, 319, 84, 26.78%, 0, 0, 3, 394.98, 135817, 834, 0, 0
373, 0, 42, 340, 321, 84, 26.88%, 0, 0, 3, 368.45, 137693, 837, 0, 0
378, 0, 42, 341, 322, 84, 26.91%, 0, 0, 3, 392.14, 139674, 838, 0, 0
383, 0, 42, 342, 323, 84, 26.97%, 0, 0, 3, 398.20, 141690, 840, 0, 0
388, 0, 42, 343, 324, 84, 26.97%, 0, 0, 3, 398.81, 143685, 840, 0, 0
393, 0, 42, 344, 325, 84, 26.97%, 0, 0, 3, 396.88, 145673, 840, 0, 0
398, 0, 42, 344, 325, 84, 26.97%, 0, 0, 3, 404.13, 147731, 840, 0, 0
403, 0, 42, 345, 326, 84, 26.97%, 0, 0, 3, 395.15, 149712, 840, 0, 0
408, 0, 42, 345, 326, 84, 26.97%, 0, 0, 3, 389.60, 151728, 840, 0, 0
413, 0, 42, 346, 327, 84, 26.97%, 0, 0, 3, 381.91, 153611, 840, 0, 0
418, 0, 42, 348, 329, 84, 27.33%, 0, 0, 3, 374.09, 155480, 851, 0, 0
423, 0, 42, 349, 330, 84, 27.33%, 0, 0, 3, 360.89, 157293, 851, 0, 0
428, 0, 42, 352, 333, 84, 27.42%, 0, 0, 3, 373.85, 159281, 854, 0, 0
434, 0, 42, 352, 333, 84, 27.42%, 0, 0, 3, 373.92, 161150, 854, 0, 0
439, 0, 42, 352, 333, 84, 27.42%, 0, 0, 3, 368.02, 162991, 854, 0, 0
444, 0, 42, 353, 334, 84, 27.42%, 0, 0, 3, 377.37, 164909, 854, 0, 0
449, 0, 42, 353, 334, 84, 27.42%, 0, 0, 3, 395.52, 166981, 854, 0, 0
454, 0, 42, 354, 335, 84, 27.49%, 0, 0, 3, 402.90, 169025, 856, 0, 0
459, 0, 55, 369, 348, 96, 27.52%, 0, 0, 3, 384.30, 170962, 857, 0, 0
464, 0, 55, 419, 398, 96, 27.75%, 0, 0, 3, 370.95, 172830, 864, 0, 0
469, 0, 55, 419, 398, 96, 27.75%, 0, 0, 3, 374.50, 174713, 864, 0, 0
474, 0, 55, 420, 399, 96, 27.75%, 0, 0, 3, 377.71, 176673, 864, 0, 0
479, 0, 55, 420, 399, 96, 27.75%, 0, 0, 3, 378.46, 178584, 864, 0, 0
484, 0, 55, 420, 399, 96, 27.75%, 0, 0, 3, 373.45, 180516, 864, 0, 0
489, 0, 55, 420, 399, 96, 27.75%, 0, 0, 3, 373.14, 182378, 864, 0, 0
494, 0, 55, 420, 399, 96, 27.75%, 0, 0, 3, 376.50, 184275, 864, 0, 0
500, 0, 56, 424, 402, 99, 27.75%, 0, 0, 3, 359.31, 186155, 864, 0, 0
505, 0, 56, 437, 415, 99, 27.75%, 0, 0, 3, 364.99, 188003, 864, 0, 0
510, 0, 56, 439, 417, 99, 27.75%, 0, 0, 3, 356.97, 189893, 864, 0, 0
515, 0, 56, 441, 419, 99, 27.78%, 0, 0, 3, 367.09, 191783, 865, 0, 0
520, 0, 56, 442, 420, 99, 27.78%, 0, 0, 3, 376.83, 193694, 865, 0, 0
525, 0, 56, 442, 420, 99, 27.78%, 0, 0, 3, 376.51, 195585, 865, 0, 0
530, 0, 56, 442, 420, 99, 27.78%, 0, 0, 3, 342.83, 197328, 865, 0, 0
536, 0, 57, 442, 419, 100, 27.78%, 0, 0, 3, 359.37, 199180, 865, 0, 0
541, 0, 57, 473, 450, 100, 27.94%, 0, 0, 3, 366.73, 201082, 870, 0, 0
546, 0, 57, 475, 452, 100, 27.94%, 0, 0, 3, 382.04, 203021, 870, 0, 0
551, 0, 57, 477, 454, 100, 27.97%, 0, 0, 3, 385.67, 204967, 871, 0, 0
556, 0, 57, 477, 454, 100, 27.97%, 0, 0, 3, 386.46, 206899, 871, 0, 0
561, 0, 57, 477, 454, 100, 27.97%, 0, 0, 3, 386.60, 208922, 871, 0, 0
566, 0, 57, 477, 454, 100, 27.97%, 0, 0, 3, 386.13, 210854, 871, 0, 0
571, 0, 57, 477, 454, 100, 27.97%, 0, 0, 3, 388.83, 212793, 871, 0, 0
576, 0, 58, 495, 471, 105, 28.00%, 0, 0, 3, 385.29, 214761, 872, 0, 0
581, 0, 83, 495, 462, 98, 28.00%, 0, 0, 3, 377.09, 216712, 872, 0, 0
587, 0, 83, 495, 462, 98, 28.00%, 0, 0, 3, 370.41, 218630, 872, 0, 0
592, 0, 83, 495, 462, 98, 28.00%, 0, 0, 3, 366.84, 220471, 872, 0, 0
597, 0, 479, 500, 466, 97, 28.00%, 0, 0, 3, 353.16, 222383, 872, 0, 0
602, 0, 117, 500, 462, 93, 28.00%, 0, 0, 3, 383.43, 224355, 872, 0, 0
607, 0, 146, 500, 456, 87, 28.00%, 0, 0, 3, 383.77, 226319, 872, 0, 0
612, 0, 147, 500, 455, 86, 28.00%, 0, 0, 3, 372.03, 228279, 872, 0, 0
618, 0, 167, 500, 453, 82, 28.00%, 0, 0, 3, 372.74, 230538, 872, 0, 0
625, 0, 183, 501, 451, 79, 28.00%, 0, 0, 3, 378.80, 233065, 872, 0, 0
630, 0, 193, 501, 442, 70, 28.00%, 0, 0, 3, 385.47, 235087, 872, 0, 0
635, 0, 225, 501, 432, 60, 28.00%, 0, 0, 3, 396.88, 237174, 872, 0, 0
642, 0, 253, 502, 425, 53, 28.03%, 0, 0, 3, 391.50, 239688, 873, 0, 0
647, 0, 272, 502, 420, 48, 28.03%, 0, 0, 3, 382.12, 241583, 873, 0, 0
652, 0, 301, 502, 412, 40, 28.03%, 0, 0, 3, 388.66, 243591, 873, 0, 0
657, 0, 440, 503, 404, 31, 28.03%, 0, 0, 3, 387.85, 245624, 873, 0, 0
662, 0, 463, 504, 398, 24, 28.03%, 0, 0, 3, 391.20, 247654, 873, 0, 0
667, 0, 370, 504, 396, 22, 28.03%, 0, 0, 3, 379.09, 249589, 873, 0, 0
672, 0, 103, 504, 390, 16, 28.03%, 0, 0, 3, 374.81, 251488, 873, 0, 0
677, 0, 477, 505, 387, 13, 28.03%, 0, 0, 3, 382.81, 253449, 873, 0, 0
683, 0, 123, 506, 383, 8, 28.03%, 0, 0, 3, 387.14, 255472, 873, 0, 0
688, 0, 397, 506, 382, 8, 28.03%, 0, 0, 3, 383.36, 257452, 873, 0, 0
693, 0, 397, 506, 382, 8, 28.03%, 0, 0, 3, 378.78, 259404, 873, 0, 0
698, 0, 423, 506, 380, 6, 28.03%, 0, 0, 3, 382.66, 261406, 873, 0, 0
703, 0, 442, 506, 378, 4, 28.03%, 0, 0, 3, 367.79, 263276, 873, 0, 0
708, 0, 453, 506, 375, 2, 28.03%, 0, 0, 3, 364.50, 265103, 873, 0, 0
713, 0, 449, 506, 371, 1, 28.03%, 0, 0, 3, 366.27, 267007, 873, 0, 0
719, 0, 401, 507, 371, 1, 28.03%, 0, 0, 3, 374.79, 268963, 873, 0, 0
724, 0, 434, 507, 365, 0, 28.03%, 0, 0, 3, 393.39, 270949, 873, 0, 0
729, 0, 479, 509, 365, 0, 28.03%, 0, 0, 3, 388.65, 272894, 873, 0, 0
734, 0, 85, 510, 365, 0, 28.03%, 0, 0, 3, 360.73, 274705, 873, 0, 0
739, 0, 498, 510, 364, 0, 28.03%, 0, 0, 3, 358.65, 276526, 873, 0, 0
744, 0, 447, 511, 363, 0, 28.03%, 0, 0, 4, 379.08, 278442, 873, 0, 0
749, 0, 33, 511, 360, 0, 28.03%, 0, 0, 4, 365.63, 280309, 873, 0, 0
754, 0, 332, 512, 360, 0, 28.03%, 0, 0, 4, 390.56, 282394, 873, 0, 0
759, 0, 513, 515, 361, 1, 28.03%, 0, 0, 4, 379.13, 284278, 873, 0, 0
764, 0, 440, 515, 358, 0, 28.03%, 0, 0, 4, 360.15, 286120, 873, 0, 0
769, 0, 472, 515, 357, 0, 28.03%, 0, 0, 4, 380.51, 288157, 873, 0, 0
775, 0, 98, 515, 356, 0, 28.03%, 0, 0, 4, 356.92, 289943, 873, 0, 0
780, 0, 270, 515, 354, 0, 28.03%, 0, 0, 4, 383.86, 292239, 873, 0, 0
785, 0, 39, 517, 352, 0, 28.03%, 0, 0, 4, 394.48, 294220, 873, 0, 0
790, 0, 400, 517, 350, 0, 28.03%, 0, 0, 4, 388.09, 296139, 873, 0, 0
796, 0, 383, 517, 349, 0, 28.03%, 0, 0, 4, 369.83, 298023, 873, 0, 0
802, 0, 448, 518, 349, 0, 28.03%, 0, 0, 4, 335.05, 300270, 873, 0, 0
808, 0, 318, 519, 347, 0, 28.03%, 0, 0, 4, 360.24, 302198, 873, 0, 0
813, 0, 519, 520, 347, 1, 28.03%, 0, 0, 4, 359.31, 303959, 873, 0, 0
818, 0, 177, 520, 345, 0, 28.03%, 0, 0, 4, 359.18, 305797, 873, 0, 0
823, 0, 376, 520, 345, 0, 28.03%, 0, 0, 4, 343.27, 307505, 873, 0, 0
828, 0, 468, 520, 342, 0, 28.03%, 0, 0, 4, 369.97, 309436, 873, 0, 0
833, 0, 36, 521, 340, 0, 28.03%, 0, 0, 4, 383.48, 311379, 873, 0, 0
838, 0, 329, 522, 338, 0, 28.03%, 0, 0, 4, 370.32, 313219, 873, 0, 0
843, 0, 92, 526, 339, 1, 28.03%, 0, 0, 4, 384.98, 315256, 873, 0, 0
848, 0, 475, 526, 338, 1, 28.03%, 0, 0, 4, 366.74, 317107, 873, 0, 0
855, 0, 423, 530, 338, 0, 28.03%, 0, 0, 6, 383.13, 319606, 873, 0, 0
860, 0, 86, 531, 337, 0, 28.03%, 0, 0, 6, 355.17, 321389, 873, 0, 0
865, 0, 479, 532, 336, 0, 28.03%, 0, 0, 6, 373.10, 323264, 873, 0, 0
870, 0, 455, 533, 335, 0, 28.03%, 0, 0, 6, 385.19, 325280, 873, 0, 0
875, 0, 217, 533, 334, 0, 28.03%, 0, 0, 6, 372.50, 327160, 873, 0, 0
880, 0, 331, 533, 333, 0, 28.03%, 0, 0, 6, 369.05, 329029, 873, 0, 0
885, 0, 392, 534, 333, 0, 28.03%, 0, 0, 6, 353.22, 330838, 873, 0, 0
890, 0, 201, 535, 333, 0, 28.03%, 0, 0, 6, 371.40, 332797, 873, 0, 0
895, 0, 477, 535, 331, 0, 28.03%, 0, 0, 6, 390.42, 334788, 873, 0, 0
900, 0, 157, 536, 331, 0, 28.03%, 0, 0, 6, 380.46, 336777, 873, 0, 0
905, 0, 417, 536, 329, 0, 28.03%, 0, 0, 6, 382.13, 338697, 873, 0, 0
911, 0, 248, 536, 328, 0, 28.03%, 0, 0, 6, 360.83, 340568, 873, 0, 0
916, 0, 479, 536, 325, 0, 28.03%, 0, 0, 6, 332.05, 342116, 873, 0, 0
921, 0, 493, 537, 325, 0, 28.03%, 0, 0, 6, 324.06, 343729, 873, 0, 0
926, 0, 350, 537, 321, 0, 28.03%, 0, 0, 6, 371.94, 345645, 873, 0, 0
931, 0, 388, 537, 321, 0, 28.03%, 0, 0, 6, 346.04, 347378, 873, 0, 0
936, 0, 454, 537, 319, 0, 28.03%, 0, 0, 6, 374.80, 349329, 873, 0, 0
941, 0, 502, 537, 317, 0, 28.03%, 0, 0, 6, 353.09, 351111, 873, 0, 0
946, 1, 480, 537, 316, 0, 28.03%, 0, 0, 6, 360.22, 352922, 873, 0, 0
951, 1, 462, 538, 314, 0, 28.03%, 0, 0, 6, 369.95, 354895, 873, 0, 0
956, 1, 210, 538, 311, 0, 28.03%, 0, 0, 6, 368.10, 356754, 873, 0, 0
961, 1, 93, 538, 308, 0, 28.03%, 0, 0, 6, 369.03, 358637, 873, 0, 0
966, 1, 466, 539, 306, 0, 28.03%, 0, 0, 6, 378.20, 360534, 873, 0, 0
972, 1, 134, 539, 304, 0, 28.03%, 0, 0, 6, 378.48, 362511, 873, 0, 0
977, 1, 268, 540, 303, 0, 28.03%, 0, 0, 6, 363.80, 364247, 873, 0, 0
982, 1, 308, 541, 300, 0, 28.03%, 0, 0, 6, 358.63, 366016, 873, 0, 0
987, 1, 278, 541, 298, 0, 28.03%, 0, 0, 6, 356.67, 367816, 873, 0, 0
992, 1, 377, 541, 292, 0, 28.03%, 0, 0, 6, 338.11, 369602, 873, 0, 0
997, 1, 37, 541, 290, 0, 28.03%, 0, 0, 6, 355.28, 371430, 873, 0, 0
1003, 1, 135, 542, 290, 0, 28.03%, 0, 0, 6, 354.96, 373402, 873, 0, 0
1008, 1, 435, 542, 288, 0, 28.03%, 0, 0, 6, 348.39, 375182, 873, 0, 0
1013, 1, 504, 542, 287, 0, 28.03%, 0, 0, 6, 363.28, 377030, 873, 0, 0
1018, 1, 402, 543, 283, 0, 28.03%, 0, 0, 6, 374.69, 379025, 873, 0, 0
1023, 1, 542, 548, 286, 0, 28.03%, 0, 0, 6, 370.08, 380881, 873, 0, 0
1028, 1, 542, 550, 288, 0, 28.03%, 0, 0, 6, 376.45, 382778, 873, 0, 0
1033, 1, 542, 550, 288, 0, 28.03%, 0, 0, 6, 355.63, 384556, 873, 0, 0
1038, 1, 542, 550, 288, 0, 28.03%, 0, 0, 6, 357.61, 386355, 873, 0, 0
1043, 1, 542, 550, 288, 0, 28.03%, 0, 0, 6, 359.74, 388217, 873, 0, 0
1048, 1, 542, 550, 288, 0, 28.03%, 0, 0, 6, 305.99, 389708, 873, 0, 0
1053, 1, 542, 551, 289, 0, 28.03%, 0, 0, 6, 344.31, 391485, 873, 0, 0
1058, 1, 396, 551, 288, 0, 28.03%, 0, 0, 6, 361.01, 393352, 873, 0, 0
1063, 1, 67, 551, 287, 0, 28.03%, 0, 0, 6, 367.60, 395249, 873, 0, 0
1069, 1, 421, 551, 286, 0, 28.03%, 0, 0, 6, 375.15, 397533, 873, 0, 0
1075, 1, 505, 551, 283, 0, 28.03%, 0, 0, 6, 365.91, 399400, 873, 0, 0
1080, 1, 404, 551, 279, 0, 28.03%, 0, 0, 6, 366.83, 401350, 873, 0, 0
1085, 1, 250, 551, 277, 0, 28.03%, 0, 0, 6, 365.37, 403175, 873, 0, 0
1090, 1, 410, 551, 272, 0, 28.03%, 0, 0, 6, 378.21, 405158, 873, 0, 0
1095, 1, 551, 558, 278, 1, 28.07%, 0, 0, 6, 388.87, 407119, 874, 0, 0
1100, 1, 551, 560, 280, 1, 28.07%, 0, 0, 6, 379.71, 409037, 874, 0, 0
1105, 1, 551, 561, 281, 1, 28.10%, 0, 0, 6, 393.84, 411074, 875, 0, 0
1110, 1, 551, 561, 281, 1, 28.10%, 0, 0, 6, 391.05, 413048, 875, 0, 0
1115, 1, 551, 562, 282, 1, 28.10%, 0, 0, 6, 387.20, 415001, 875, 0, 0
1120, 1, 551, 563, 283, 1, 28.10%, 0, 0, 6, 379.24, 416926, 875, 0, 0
1127, 1, 560, 563, 282, 2, 28.10%, 0, 0, 6, 389.71, 419566, 875, 0, 0
1133, 1, 483, 563, 280, 0, 28.10%, 0, 0, 6, 378.74, 421671, 875, 0, 0
1138, 1, 305, 563, 277, 0, 28.10%, 0, 0, 6, 382.54, 423595, 875, 0, 0
1143, 1, 556, 564, 274, 0, 28.23%, 0, 0, 6, 387.17, 425613, 879, 0, 0
1148, 1, 23, 564, 272, 0, 28.23%, 0, 0, 6, 376.36, 427551, 879, 0, 0
1153, 1, 284, 564, 269, 0, 28.23%, 0, 0, 6, 377.54, 429528, 879, 0, 0
1158, 1, 395, 564, 266, 0, 28.23%, 0, 0, 6, 380.39, 431532, 879, 0, 0
1164, 1, 132, 564, 264, 0, 28.23%, 0, 0, 6, 368.98, 433451, 879, 0, 0
1169, 1, 398, 566, 264, 0, 28.23%, 0, 0, 6, 355.47, 435290, 879, 0, 0
1174, 1, 152, 566, 261, 0, 28.23%, 0, 0, 6, 340.00, 437015, 879, 0, 0
1179, 1, 177, 566, 259, 0, 28.23%, 0, 0, 6, 363.52, 438839, 879, 0, 0
1184, 1, 564, 566, 256, 0, 28.23%, 0, 0, 6, 361.80, 440699, 879, 0, 0
1189, 1, 389, 568, 257, 0, 28.23%, 0, 0, 6, 360.53, 442544, 879, 0, 0
1194, 1, 379, 568, 256, 0, 28.23%, 0, 0, 6, 356.71, 444394, 879, 0, 0
1199, 1, 97, 568, 252, 0, 28.23%, 0, 0, 6, 356.83, 446185, 879, 0, 0
1204, 1, 242, 568, 250, 0, 28.23%, 0, 0, 6, 315.57, 447830, 879, 0, 0
1209, 1, 381, 568, 249, 0, 28.23%, 0, 0, 6, 291.66, 449268, 879, 0, 0
1214, 1, 478, 568, 248, 0, 28.23%, 0, 0, 6, 270.60, 450582, 879, 0, 0
1220, 1, 393, 568, 245, 0, 28.23%, 0, 0, 6, 278.76, 452040, 879, 0, 0
1225, 1, 568, 569, 244, 1, 28.26%, 0, 0, 6, 278.75, 453427, 880, 0, 0
1231, 1, 390, 569, 243, 0, 28.26%, 0, 0, 6, 275.49, 455033, 880, 0, 0
1236, 1, 119, 569, 241, 0, 28.26%, 0, 0, 6, 275.70, 456467, 880, 0, 0
1241, 1, 565, 569, 240, 0, 28.26%, 0, 0, 6, 270.05, 457866, 880, 0, 0
1246, 1, 510, 569, 239, 0, 28.26%, 0, 0, 6, 262.06, 459204, 880, 0, 0
1251, 1, 279, 569, 237, 0, 28.26%, 0, 0, 6, 273.75, 460583, 880, 0, 0
1256, 1, 415, 569, 234, 0, 28.26%, 0, 0, 6, 312.72, 462347, 880, 0, 0
1261, 1, 229, 569, 232, 0, 28.26%, 0, 0, 6, 326.21, 464010, 880, 0, 0
1267, 1, 399, 569, 231, 0, 28.26%, 0, 0, 6, 321.07, 465946, 880, 0, 0
1272, 1, 322, 569, 227, 0, 28.26%, 0, 0, 6, 323.10, 467690, 880, 0, 0
1277, 1, 358, 570, 226, 0, 28.26%, 0, 0, 6, 332.61, 469425, 880, 0, 0
1282, 1, 147, 571, 223, 0, 28.26%, 0, 0, 6, 348.47, 471211, 880, 0, 0
1287, 1, 413, 571, 222, 0, 28.26%, 0, 0, 6, 366.92, 473082, 880, 0, 0
1293, 1, 562, 571, 218, 0, 28.26%, 0, 0, 6, 358.46, 474973, 880, 0, 0
1298, 1, 484, 571, 216, 0, 28.26%, 0, 0, 6, 370.20, 476865, 880, 0, 0
1303, 1, 541, 571, 215, 0, 28.26%, 0, 0, 6, 347.02, 478637, 880, 0, 0
1308, 1, 442, 571, 213, 0, 28.26%, 0, 0, 6, 358.74, 480512, 880, 0, 0
1313, 1, 306, 571, 208, 0, 28.26%, 0, 0, 6, 351.39, 482312, 880, 0, 0
1318, 1, 106, 571, 206, 0, 28.26%, 0, 0, 6, 346.03, 484017, 880, 0, 0
1323, 1, 384, 571, 204, 0, 28.26%, 0, 0, 6, 349.71, 485835, 880, 0, 0
1328, 1, 16, 571, 203, 0, 28.26%, 0, 0, 6, 356.44, 487658, 880, 0, 0
1333, 1, 13, 571, 201, 0, 28.26%, 0, 0, 6, 360.64, 489495, 880, 0, 0
1338, 1, 73, 571, 199, 0, 28.26%, 0, 0, 6, 377.87, 491510, 880, 0, 0
1343, 1, 194, 571, 197, 0, 28.26%, 0, 0, 6, 353.43, 493224, 880, 0, 0
1348, 1, 330, 571, 196, 0, 28.26%, 0, 0, 6, 343.62, 495006, 880, 0, 0
1354, 1, 338, 571, 193, 0, 28.26%, 0, 0, 6, 301.45, 496487, 880, 0, 0
1359, 1, 147, 571, 190, 0, 28.26%, 0, 0, 6, 356.75, 498468, 880, 0, 0
1364, 1, 361, 571, 189, 0, 28.26%, 0, 0, 6, 356.92, 500275, 880, 0, 0
1369, 1, 418, 571, 188, 0, 28.26%, 0, 0, 6, 374.85, 502202, 880, 0, 0
1374, 1, 534, 571, 187, 0, 28.26%, 0, 0, 6, 383.67, 504114, 880, 0, 0
1381, 1, 373, 571, 182, 0, 28.26%, 0, 0, 6, 389.85, 506728, 880, 0, 0
1386, 1, 277, 571, 180, 0, 28.26%, 0, 0, 6, 381.28, 508602, 880, 0, 0
1391, 1, 553, 572, 179, 0, 28.26%, 0, 0, 6, 387.13, 510613, 880, 0, 0
1396, 1, 550, 572, 176, 0, 28.26%, 0, 0, 6, 389.12, 512625, 880, 0, 0
1401, 1, 169, 572, 174, 0, 28.26%, 0, 0, 6, 395.46, 514608, 880, 0, 0
1406, 1, 486, 572, 172, 0, 28.26%, 0, 0, 6, 375.87, 516551, 880, 0, 0
1411, 1, 136, 572, 171, 0, 28.26%, 0, 0, 6, 347.98, 518290, 880, 0, 0
1416, 1, 115, 572, 168, 0, 28.26%, 0, 0, 6, 364.51, 520126, 880, 0, 0
1423, 1, 102, 572, 168, 0, 28.26%, 0, 0, 6, 365.72, 522638, 880, 0, 0
1428, 1, 68, 572, 166, 0, 28.26%, 0, 0, 6, 383.99, 524615, 880, 0, 0
1433, 1, 140, 572, 165, 0, 28.26%, 0, 0, 6, 358.33, 526459, 880, 0, 0
1438, 1, 555, 572, 161, 0, 28.26%, 0, 0, 6, 375.44, 528334, 880, 0, 0
1444, 1, 495, 572, 159, 0, 28.26%, 0, 0, 6, 384.26, 530319, 880, 0, 0
1449, 1, 488, 572, 157, 0, 28.26%, 0, 0, 6, 380.92, 532225, 880, 0, 0
1454, 1, 341, 573, 155, 0, 28.29%, 0, 0, 6, 394.25, 534218, 881, 0, 0
1459, 1, 138, 573, 154, 0, 28.29%, 0, 0, 6, 392.91, 536282, 881, 0, 0
1464, 1, 366, 573, 152, 0, 28.29%, 0, 0, 6, 393.76, 538320, 881, 0, 0
1469, 1, 376, 573, 150, 0, 28.29%, 0, 0, 6, 384.24, 540218, 881, 0, 0
1474, 1, 373, 573, 149, 0, 28.29%, 0, 0, 6, 395.27, 542203, 881, 0, 0
1479, 1, 370, 573, 147, 0, 28.29%, 0, 0, 6, 383.40, 544134, 881, 0, 0
1484, 1, 147, 573, 145, 0, 28.29%, 0, 0, 6, 383.13, 546065, 881, 0, 0
1489, 1, 491, 573, 144, 0, 28.29%, 0, 0, 6, 386.38, 548002, 881, 0, 0
1495, 2, 461, 573, 143, 0, 28.29%, 0, 0, 6, 386.15, 550263, 881, 0, 0
1500, 2, 177, 573, 141, 0, 28.29%, 0, 0, 6, 344.46, 552019, 881, 0, 0
1505, 2, 32, 577, 145, 0, 28.36%, 0, 0, 6, 305.82, 553527, 883, 0, 0
1510, 2, 574, 577, 145, 2, 28.36%, 0, 0, 6, 297.65, 555068, 883, 0, 0
1515, 2, 576, 579, 146, 1, 28.36%, 0, 0, 6, 304.64, 556612, 883, 0, 0
1521, 2, 306, 581, 146, 0, 28.39%, 0, 0, 6, 314.50, 558191, 884, 0, 0
1526, 2, 489, 581, 145, 0, 28.39%, 0, 0, 6, 373.80, 560223, 884, 0, 0
1531, 2, 155, 581, 143, 0, 28.39%, 0, 0, 6, 377.50, 562193, 884, 0, 0
1536, 2, 507, 581, 142, 0, 28.39%, 0, 0, 6, 377.91, 564127, 884, 0, 0
1541, 2, 477, 582, 143, 0, 28.39%, 0, 0, 6, 378.32, 566059, 884, 0, 0
1546, 2, 154, 582, 143, 0, 28.39%, 0, 0, 6, 328.08, 567724, 884, 0, 0
1551, 2, 230, 582, 142, 0, 28.39%, 0, 0, 6, 306.43, 569290, 884, 0, 0
1557, 2, 506, 582, 141, 0, 28.39%, 0, 0, 6, 297.07, 570883, 884, 0, 0
1562, 2, 31, 582, 140, 0, 28.39%, 0, 0, 6, 307.95, 572469, 884, 0, 0
1567, 2, 147, 582, 138, 0, 28.39%, 0, 0, 6, 352.94, 574302, 884, 0, 0
1574, 2, 463, 582, 137, 0, 28.39%, 0, 0, 6, 388.11, 576947, 884, 0, 0
1579, 2, 578, 582, 136, 0, 28.39%, 0, 0, 6, 380.90, 578910, 884, 0, 0
1584, 2, 88, 582, 135, 0, 28.39%, 0, 0, 6, 364.98, 580717, 884, 0, 0
1589, 2, 518, 582, 134, 0, 28.39%, 0, 0, 6, 375.78, 582604, 884, 0, 0
1595, 2, 580, 582, 133, 0, 28.39%, 0, 0, 6, 380.37, 584842, 884, 0, 0
1600, 2, 473, 583, 132, 0, 28.39%, 0, 0, 6, 385.34, 586820, 884, 0, 0
1605, 2, 470, 583, 128, 0, 28.39%, 0, 0, 6, 361.66, 588663, 884, 0, 0
1610, 2, 558, 584, 127, 0, 28.39%, 0, 0, 6, 397.73, 590747, 884, 0, 0
1617, 2, 124, 584, 127, 0, 28.39%, 0, 0, 6, 383.98, 593482, 884, 0, 0
1622, 2, 540, 584, 125, 0, 28.39%, 0, 0, 6, 390.06, 595482, 884, 0, 0
1628, 2, 297, 585, 124, 0, 28.39%, 0, 0, 6, 387.25, 597444, 884, 0, 0
1633, 2, 34, 585, 123, 0, 28.39%, 0, 0, 6, 381.63, 599420, 884, 0, 0
1638, 2, 241, 585, 121, 0, 28.39%, 0, 0, 6, 393.44, 601497, 884, 0, 0
1643, 2, 531, 585, 118, 0, 28.39%, 0, 0, 6, 384.31, 603424, 884, 0, 0
1648, 2, 322, 586, 115, 0, 28.39%, 0, 0, 6, 404.80, 605534, 884, 0, 0
1653, 2, 139, 586, 114, 0, 28.39%, 0, 0, 6, 384.64, 607472, 884, 0, 0
1658, 2, 331, 587, 112, 0, 28.42%, 0, 0, 6, 394.28, 609490, 885, 0, 0
1663, 2, 573, 587, 110, 0, 28.42%, 0, 0, 6, 384.73, 611431, 885, 0, 0
1668, 2, 479, 587, 109, 0, 28.42%, 0, 0, 6, 359.65, 613172, 885, 0, 0
1674, 2, 50, 588, 108, 0, 28.42%, 0, 0, 6, 393.44, 615581, 885, 0, 0
1679, 2, 99, 588, 107, 0, 28.42%, 0, 0, 6, 369.03, 617445, 885, 0, 0
1685, 2, 474, 588, 106, 0, 28.42%, 0, 0, 6, 375.15, 619393, 885, 0, 0
1690, 2, 252, 588, 105, 0, 28.42%, 0, 0, 6, 377.42, 621263, 885, 0, 0
1695, 2, 575, 588, 104, 0, 28.42%, 0, 0, 6, 387.62, 623249, 885, 0, 0
1700, 2, 539, 588, 103, 0, 28.42%, 0, 0, 6, 382.26, 625187, 885, 0, 0
1705, 2, 362, 588, 101, 0, 28.42%, 0, 0, 6, 391.31, 627136, 885, 0, 0
1710, 2, 405, 590, 101, 0, 28.42%, 0, 0, 6, 374.35, 629005, 885, 0, 0
1715, 2, 463, 590, 101, 0, 28.42%, 0, 0, 6, 392.79, 631058, 885, 0, 0
1720, 2, 126, 590, 101, 0, 28.42%, 0, 0, 6, 372.41, 632942, 885, 0, 0
1725, 2, 254, 590, 100, 0, 28.42%, 0, 0, 6, 378.21, 634903, 885, 0, 0
1730, 2, 95, 590, 97, 0, 28.42%, 0, 0, 6, 389.13, 636868, 885, 0, 0
1735, 2, 338, 590, 95, 0, 28.42%, 0, 0, 6, 383.24, 638800, 885, 0, 0
1740, 2, 349, 590, 93, 0, 28.42%, 0, 0, 6, 397.90, 640800, 885, 0, 0
1745, 2, 172, 591, 93, 0, 28.45%, 0, 0, 6, 406.23, 642847, 886, 0, 0
1750, 2, 429, 591, 92, 0, 28.45%, 0, 0, 6, 399.22, 644869, 886, 0, 0
1755, 2, 107, 591, 91, 0, 28.45%, 0, 0, 6, 365.24, 646713, 886, 0, 0
1760, 2, 560, 592, 90, 0, 28.45%, 0, 0, 6, 357.22, 648497, 886, 0, 0
1765, 2, 59, 592, 90, 0, 28.45%, 0, 0, 6, 369.29, 650333, 886, 0, 0
1770, 2, 560, 593, 89, 0, 28.48%, 0, 0, 6, 388.44, 652352, 887, 0, 0
1775, 2, 163, 593, 86, 0, 28.48%, 0, 0, 6, 389.67, 654346, 887, 0, 0
1781, 2, 277, 593, 84, 0, 28.48%, 0, 0, 6, 370.63, 656241, 887, 0, 0
1786, 2, 583, 593, 83, 0, 28.48%, 0, 0, 6, 387.67, 658283, 887, 0, 0
1791, 2, 118, 593, 83, 0, 28.48%, 0, 0, 6, 383.28, 660191, 887, 0, 0
1796, 2, 127, 593, 82, 0, 28.48%, 0, 0, 6, 366.10, 661999, 887, 0, 0
1802, 2, 127, 593, 82, 0, 28.48%, 0, 0, 6, 352.44, 664085, 887, 0, 0
1807, 2, 109, 593, 81, 0, 28.48%, 0, 0, 6, 364.13, 665973, 887, 0, 0
1812, 2, 427, 593, 79, 0, 28.48%, 0, 0, 6, 363.07, 667865, 887, 0, 0
1818, 2, 245, 593, 77, 0, 28.48%, 0, 0, 6, 372.98, 670160, 887, 0, 0
1823, 2, 116, 593, 77, 0, 28.48%, 0, 0, 6, 387.96, 672129, 887, 0, 0
1828, 2, 6, 593, 76, 0, 28.48%, 0, 0, 6, 376.56, 674031, 887, 0, 0
1833, 3, 496, 593, 75, 0, 28.48%, 0, 0, 6, 362.56, 675807, 887, 0, 0
1838, 3, 51, 593, 73, 0, 28.48%, 0, 0, 6, 384.70, 677819, 887, 0, 0
1843, 3, 548, 601, 80, 0, 28.48%, 0, 0, 6, 370.09, 679645, 887, 0, 0
1848, 3, 548, 603, 82, 0, 28.48%, 0, 0, 6, 377.32, 681570, 887, 0, 0
1853, 3, 548, 604, 83, 0, 28.48%, 0, 0, 6, 380.41, 683509, 887, 0, 0
1858, 3, 548, 605, 84, 0, 28.48%, 0, 0, 6, 365.98, 685350, 887, 0, 0
1863, 3, 548, 607, 86, 0, 28.48%, 0, 0, 6, 378.78, 687268, 887, 0, 0
1868, 3, 548, 608, 87, 0, 28.48%, 0, 0, 6, 381.95, 689200, 887, 0, 0
1873, 3, 548, 609, 88, 0, 28.48%, 0, 0, 6, 379.75, 691097, 887, 0, 0
1879, 3, 41, 610, 87, 0, 28.48%, 0, 0, 6, 384.96, 693134, 887, 0, 0
1884, 3, 74, 610, 85, 0, 28.48%, 0, 0, 6, 383.37, 695091, 887, 0, 0
1889, 3, 74, 610, 85, 0, 28.48%, 0, 0, 6, 371.88, 697007, 887, 0, 0
1894, 3, 36, 610, 82, 0, 28.48%, 0, 0, 6, 378.09, 698898, 887, 0, 0
1899, 3, 411, 610, 80, 0, 28.48%, 0, 0, 6, 375.82, 700823, 887, 0, 0
1904, 3, 125, 610, 79, 0, 28.48%, 0, 0, 6, 364.42, 702622, 887, 0, 0
1909, 3, 440, 610, 78, 0, 28.48%, 0, 0, 6, 359.28, 704454, 887, 0, 0
1914, 3, 592, 610, 78, 0, 28.48%, 0, 0, 6, 368.21, 706290, 887, 0, 0
1919, 3, 370, 610, 77, 0, 28.48%, 0, 0, 6, 377.09, 708225, 887, 0, 0
1925, 3, 337, 610, 76, 0, 28.48%, 0, 0, 6, 380.16, 710302, 887, 0, 0
1930, 3, 598, 611, 75, 0, 28.48%, 0, 0, 6, 375.59, 712195, 887, 0, 0
1935, 3, 89, 611, 73, 0, 28.48%, 0, 0, 6, 367.84, 714044, 887, 0, 0
1940, 3, 405, 611, 70, 0, 28.48%, 0, 0, 6, 380.00, 716026, 887, 0, 0
1945, 3, 147, 611, 68, 0, 28.48%, 0, 0, 6, 396.15, 718039, 887, 0, 0
1950, 3, 405, 611, 68, 0, 28.48%, 0, 0, 6, 389.82, 719989, 887, 0, 0
1956, 3, 603, 611, 65, 0, 28.48%, 0, 0, 6, 383.39, 722357, 887, 0, 0
1962, 3, 514, 611, 63, 0, 28.48%, 0, 0, 6, 372.74, 724282, 887, 0, 0
1967, 3, 318, 611, 63, 0, 28.48%, 0, 0, 6, 327.69, 725928, 887, 0, 0
1972, 3, 75, 611, 63, 0, 28.48%, 0, 0, 6, 356.14, 727817, 887, 0, 0
1977, 3, 296, 611, 62, 0, 28.48%, 0, 0, 6, 380.34, 729815, 887, 0, 0
1982, 3, 29, 611, 61, 0, 28.48%, 0, 0, 6, 387.02, 731726, 887, 0, 0
1987, 3, 313, 611, 59, 0, 28.48%, 0, 0, 6, 390.13, 733715, 887, 0, 0
1992, 3, 607, 612, 59, 0, 28.48%, 0, 0, 6, 382.43, 735599, 887, 0, 0
1997, 3, 245, 613, 59, 0, 28.48%, 0, 0, 6, 383.08, 737473, 887, 0, 0
2002, 3, 405, 613, 58, 0, 28.48%, 0, 0, 6, 373.14, 739339, 887, 0, 0
2008, 3, 315, 615, 58, 0, 28.48%, 0, 0, 6, 381.51, 741676, 887, 0, 0
2014, 3, 232, 615, 57, 0, 28.48%, 0, 0, 6, 371.71, 743570, 887, 0, 0
2019, 3, 108, 615, 57, 0, 28.48%, 0, 0, 6, 363.97, 745423, 887, 0, 0
2024, 3, 370, 615, 56, 0, 28.48%, 0, 0, 6, 361.31, 747273, 887, 0, 0
2029, 3, 91, 615, 56, 0, 28.48%, 0, 0, 6, 358.75, 749172, 887, 0, 0
2034, 3, 538, 615, 55, 0, 28.48%, 0, 0, 6, 381.40, 751151, 887, 0, 0
2039, 3, 163, 615, 53, 0, 28.48%, 0, 0, 6, 372.49, 753043, 887, 0, 0
2046, 3, 567, 615, 52, 0, 28.48%, 0, 0, 6, 369.47, 755447, 887, 0, 0
2051, 3, 20, 615, 52, 0, 28.48%, 0, 0, 6, 385.48, 757478, 887, 0, 0
2056, 3, 200, 616, 50, 0, 28.48%, 0, 0, 6, 377.66, 759308, 887, 0, 0
2061, 3, 201, 616, 49, 0, 28.48%, 0, 0, 6, 392.29, 761314, 887, 0, 0
2066, 3, 263, 616, 48, 0, 28.48%, 0, 0, 6, 380.44, 763196, 887, 0, 0
2071, 3, 341, 616, 45, 0, 28.48%, 0, 0, 6, 381.50, 765139, 887, 0, 0
2076, 3, 90, 616, 43, 0, 28.48%, 0, 0, 6, 386.68, 767143, 887, 0, 0
2081, 3, 331, 616, 42, 0, 28.48%, 0, 0, 6, 360.25, 768925, 887, 0, 0
2086, 3, 385, 616, 42, 0, 28.48%, 0, 0, 6, 372.88, 770883, 887, 0, 0
2091, 3, 444, 616, 42, 0, 28.48%, 0, 0, 6, 381.48, 772750, 887, 0, 0
2097, 3, 580, 616, 41, 0, 28.48%, 0, 0, 6, 368.05, 774702, 887, 0, 0
2102, 3, 276, 616, 40, 0, 28.48%, 0, 0, 6, 391.32, 776720, 887, 0, 0
2107, 3, 177, 616, 40, 0, 28.48%, 0, 0, 6, 387.55, 778687, 887, 0, 0
2114, 3, 110, 616, 40, 0, 28.48%, 0, 0, 6, 368.95, 781206, 887, 0, 0
2119, 3, 177, 616, 39, 0, 28.48%, 0, 0, 6, 382.26, 783190, 887, 0, 0
2124, 3, 349, 616, 39, 0, 28.48%, 0, 0, 6, 384.88, 785115, 887, 0, 0
2129, 4, 446, 617, 40, 0, 28.48%, 0, 0, 6, 381.65, 787173, 887, 0, 0
2134, 4, 225, 617, 39, 0, 28.48%, 0, 0, 6, 370.20, 789082, 887, 0, 0
2139, 4, 341, 617, 38, 0, 28.48%, 0, 0, 6, 379.33, 791012, 887, 0, 0
2144, 4, 374, 617, 37, 0, 28.48%, 0, 0, 6, 383.40, 793020, 887, 0, 0
2150, 4, 370, 617, 36, 0, 28.48%, 0, 0, 6, 390.76, 795016, 887, 0, 0
2155, 4, 36, 617, 33, 0, 28.48%, 0, 0, 6, 376.36, 796940, 887, 0, 0
2160, 4, 305, 617, 33, 0, 28.48%, 0, 0, 6, 391.70, 798912, 887, 0, 0
2165, 4, 276, 617, 33, 0, 28.48%, 0, 0, 6, 390.56, 801156, 887, 0, 0
2171, 4, 226, 617, 32, 0, 28.48%, 0, 0, 6, 385.98, 803147, 887, 0, 0
2176, 4, 514, 617, 32, 0, 28.48%, 0, 0, 6, 374.78, 804989, 887, 0, 0
2181, 4, 111, 617, 32, 0, 28.48%, 0, 0, 6, 361.00, 806833, 887, 0, 0
2186, 4, 586, 617, 31, 0, 28.48%, 0, 0, 6, 371.76, 808963, 887, 0, 0
2191, 4, 463, 618, 32, 0, 28.48%, 0, 0, 6, 375.87, 810862, 887, 0, 0
2196, 4, 558, 618, 31, 0, 28.48%, 0, 0, 6, 392.37, 812857, 887, 0, 0
2201, 4, 481, 618, 31, 0, 28.48%, 0, 0, 6, 393.39, 814832, 887, 0, 0
2206, 4, 353, 618, 30, 0, 28.48%, 0, 0, 6, 390.37, 816854, 887, 0, 0
2211, 4, 150, 618, 30, 0, 28.48%, 0, 0, 6, 366.91, 818689, 887, 0, 0
2216, 4, 527, 618, 28, 0, 28.48%, 0, 0, 6, 380.19, 820613, 887, 0, 0
2222, 4, 583, 618, 27, 0, 28.48%, 0, 0, 6, 400.08, 822715, 887, 0, 0
2227, 4, 143, 618, 27, 0, 28.48%, 0, 0, 6, 402.00, 824762, 887, 0, 0
2232, 4, 338, 618, 27, 0, 28.48%, 0, 0, 6, 392.38, 826820, 887, 0, 0
2237, 4, 618, 619, 28, 1, 28.52%, 0, 0, 6, 378.79, 828803, 888, 0, 0
2242, 4, 563, 619, 26, 0, 28.52%, 0, 0, 6, 366.05, 830587, 888, 0, 0
2247, 4, 604, 619, 26, 0, 28.52%, 0, 0, 6, 386.49, 832579, 888, 0, 0
2252, 4, 185, 619, 25, 0, 28.52%, 0, 0, 6, 389.26, 834475, 888, 0, 0
2257, 4, 217, 620, 25, 0, 28.52%, 0, 0, 6, 381.76, 836330, 888, 0, 0
2263, 4, 304, 620, 25, 0, 28.52%, 0, 0, 6, 380.51, 838319, 888, 0, 0
2269, 4, 465, 620, 24, 0, 28.52%, 0, 0, 6, 380.39, 840682, 888, 0, 0
2274, 4, 316, 620, 24, 0, 28.52%, 0, 0, 6, 340.60, 842366, 888, 0, 0
2279, 4, 464, 620, 23, 0, 28.52%, 0, 0, 6, 374.06, 844308, 888, 0, 0
2284, 4, 238, 620, 23, 0, 28.52%, 0, 0, 6, 370.96, 846176, 888, 0, 0
2289, 4, 611, 620, 23, 0, 28.52%, 0, 0, 6, 388.19, 848178, 888, 0, 0
2294, 4, 370, 620, 22, 0, 28.52%, 0, 0, 6, 382.79, 850069, 888, 0, 0
2299, 4, 442, 620, 22, 0, 28.52%, 0, 0, 6, 385.44, 852015, 888, 0, 0
2304, 4, 130, 620, 22, 0, 28.52%, 0, 0, 6, 394.93, 854016, 888, 0, 0
2309, 4, 130, 620, 22, 0, 28.52%, 0, 0, 6, 384.68, 855927, 888, 0, 0
2314, 4, 122, 620, 21, 0, 28.52%, 0, 0, 6, 393.48, 857916, 888, 0, 0
2319, 4, 189, 620, 20, 0, 28.52%, 0, 0, 6, 371.65, 859757, 888, 0, 0
2324, 4, 339, 620, 20, 0, 28.52%, 0, 0, 6, 377.01, 861724, 888, 0, 0
2330, 4, 394, 620, 20, 0, 28.52%, 0, 0, 6, 393.09, 863764, 888, 0, 0
2335, 4, 583, 620, 20, 0, 28.52%, 0, 0, 6, 383.93, 865685, 888, 0, 0
2340, 4, 313, 620, 20, 0, 28.52%, 0, 0, 6, 396.49, 867741, 888, 0, 0
2345, 5, 421, 620, 20, 0, 28.52%, 0, 0, 6, 493.79, 870317, 888, 0, 0
2350, 5, 446, 620, 20, 0, 28.52%, 0, 0, 6, 539.68, 873183, 888, 0, 0
2355, 5, 479, 621, 21, 0, 28.52%, 0, 0, 6, 548.54, 875940, 888, 0, 0
2360, 5, 36, 621, 21, 0, 28.52%, 0, 0, 6, 548.98, 878698, 888, 0, 0
2365, 5, 476, 621, 21, 0, 28.52%, 0, 0, 6, 547.47, 881469, 888, 0, 0
2370, 5, 113, 621, 21, 0, 28.52%, 0, 0, 6, 541.86, 884199, 888, 0, 0
2375, 5, 269, 622, 21, 0, 28.52%, 0, 0, 6, 536.00, 887027, 888, 0, 0
2381, 5, 440, 622, 21, 0, 28.52%, 0, 0, 6, 546.54, 889876, 888, 0, 0
2386, 5, 514, 622, 20, 0, 28.52%, 0, 0, 6, 547.98, 892627, 888, 0, 0
2391, 5, 318, 623, 21, 0, 28.52%, 0, 0, 6, 542.99, 895369, 888, 0, 0
2396, 5, 425, 624, 21, 0, 28.52%, 0, 0, 6, 539.77, 898177, 888, 0, 0
2397, 5, 425, 624, 21, 0, 28.52%, 0, 0, 6, 535.06, 898795, 888, 0, 0
