# relative_time, cycles_done, cur_item, corpus_count, pending_total, pending_favs, map_size, saved_crashes, saved_hangs, max_depth, execs_per_sec, total_execs, edges_found, total_crashes, servers_count
61, 0, 9, 252, 249, 70, 22.67%, 0, 0, 2, 498.30, 31794, 706, 0, 0
66, 0, 9, 252, 249, 70, 22.67%, 0, 0, 2, 503.65, 34399, 706, 0, 0
71, 0, 9, 253, 250, 70, 22.70%, 0, 0, 2, 505.08, 36996, 707, 0, 0
76, 0, 9, 253, 250, 70, 22.70%, 0, 0, 2, 506.09, 39616, 707, 0, 0
82, 0, 9, 254, 251, 70, 22.70%, 0, 0, 2, 507.31, 42223, 707, 0, 0
87, 0, 9, 255, 252, 70, 22.74%, 0, 0, 2, 507.44, 44840, 708, 0, 0
92, 0, 9, 255, 252, 70, 22.74%, 0, 0, 2, 505.37, 47440, 708, 0, 0
97, 0, 9, 255, 252, 70, 22.74%, 0, 0, 2, 506.86, 50040, 708, 0, 0
102, 0, 9, 255, 252, 70, 22.74%, 0, 0, 2, 505.26, 52610, 708, 0, 0
107, 0, 9, 255, 252, 70, 22.74%, 0, 0, 2, 505.59, 55230, 708, 0, 0
112, 0, 9, 255, 252, 70, 22.74%, 0, 0, 2, 506.90, 57850, 708, 0, 0
118, 0, 9, 256, 253, 70, 22.77%, 0, 0, 2, 504.02, 60457, 709, 0, 0
123, 0, 9, 257, 254, 70, 22.80%, 0, 0, 2, 506.93, 63084, 710, 0, 0
128, 0, 9, 257, 254, 70, 22.80%, 0, 0, 2, 506.15, 65694, 710, 0, 0
133, 0, 9, 257, 254, 70, 22.80%, 0, 0, 2, 506.19, 68314, 710, 0, 0
138, 0, 9, 258, 255, 70, 22.83%, 0, 0, 2, 504.99, 70931, 711, 0, 0
143, 0, 41, 262, 254, 82, 22.93%, 0, 0, 2, 516.24, 73594, 714, 0, 0
148, 0, 51, 263, 253, 80, 22.93%, 0, 0, 3, 523.37, 76302, 714, 0, 0
154, 0, 52, 263, 250, 77, 22.93%, 0, 0, 3, 522.36, 78947, 714, 0, 0
159, 0, 193, 269, 250, 72, 22.93%, 0, 0, 3, 522.34, 81651, 714, 0, 0
164, 0, 89, 272, 251, 73, 22.99%, 0, 0, 3, 516.69, 84236, 716, 0, 0
169, 0, 89, 273, 252, 73, 22.99%, 0, 0, 3, 491.79, 86742, 716, 0, 0
174, 0, 97, 277, 254, 71, 22.99%, 0, 0, 3, 485.07, 89240, 716, 0, 0
179, 0, 109, 284, 256, 66, 23.22%, 0, 0, 3, 502.91, 91837, 723, 0, 0
184, 0, 109, 286, 258, 66, 23.28%, 0, 0, 3, 518.77, 94471, 725, 0, 0
189, 0, 109, 287, 259, 66, 23.31%, 0, 0, 3, 516.91, 97088, 726, 0, 0
194, 0, 109, 287, 259, 66, 23.31%, 0, 0, 3, 521.36, 99728, 726, 0, 0
199, 0, 109, 288, 260, 66, 23.31%, 0, 0, 3, 524.82, 102365, 726, 0, 0
205, 0, 260, 290, 259, 70, 23.38%, 0, 0, 3, 525.55, 105156, 728, 0, 0
211, 0, 125, 292, 255, 64, 23.38%, 0, 0, 3, 513.58, 108456, 728, 0, 0
216, 0, 161, 295, 244, 51, 23.38%, 0, 0, 3, 516.40, 111141, 728, 0, 0
222, 0, 180, 296, 238, 44, 23.38%, 0, 0, 3, 519.20, 113773, 728, 0, 0
227, 0, 194, 297, 235, 41, 23.41%, 0, 0, 3, 519.74, 116381, 729, 0, 0
232, 0, 207, 298, 228, 35, 23.44%, 0, 0, 3, 521.43, 119075, 730, 0, 0
237, 0, 232, 300, 221, 27, 23.44%, 0, 0, 3, 526.24, 121730, 730, 0, 0
242, 0, 254, 300, 212, 18, 23.44%, 0, 0, 3, 531.98, 124504, 730, 0, 0
247, 0, 290, 302, 201, 7, 23.47%, 0, 0, 3, 545.45, 127236, 731, 0, 0
252, 0, 299, 302, 197, 4, 23.47%, 0, 0, 3, 538.72, 129983, 731, 0, 0
257, 0, 32, 303, 193, 0, 23.47%, 0, 0, 4, 533.14, 132642, 731, 0, 0
262, 0, 161, 307, 192, 0, 23.57%, 0, 0, 4, 553.02, 135420, 734, 0, 0
267, 0, 252, 307, 189, 0, 23.57%, 0, 0, 4, 558.97, 138235, 734, 0, 0
272, 0, 192, 309, 186, 0, 23.57%, 0, 0, 4, 549.93, 141081, 734, 0, 0
278, 0, 212, 310, 184, 0, 23.57%, 0, 0, 4, 556.89, 144308, 734, 0, 0
283, 0, 213, 310, 180, 0, 23.57%, 0, 0, 4, 556.90, 147102, 734, 0, 0
288, 0, 289, 311, 179, 0, 23.67%, 0, 0, 4, 553.50, 149882, 737, 0, 0
293, 0, 256, 313, 179, 0, 23.67%, 0, 0, 4, 559.07, 152740, 737, 0, 0
298, 0, 13, 314, 178, 0, 23.67%, 0, 0, 4, 548.21, 155502, 737, 0, 0
300, 0, 305, 314, 176, 0, 23.67%, 0, 0, 4, 553.67, 156189, 737, 0, 0
