# relative_time, cycles_done, cur_item, corpus_count, pending_total, pending_favs, map_size, saved_crashes, saved_hangs, max_depth, execs_per_sec, total_execs, edges_found, total_crashes, servers_count
60, 0, 35, 269, 263, 84, 23.38%, 0, 0, 2, 1375.38, 83589, 729, 0, 0
66, 0, 35, 271, 265, 84, 23.51%, 0, 0, 2, 1379.03, 90650, 733, 0, 0
71, 0, 35, 275, 269, 84, 23.54%, 0, 0, 2, 1364.17, 97509, 734, 0, 0
76, 0, 35, 276, 270, 84, 23.54%, 0, 0, 2, 1376.77, 104590, 734, 0, 0
81, 0, 35, 276, 270, 84, 23.54%, 0, 0, 2, 1383.65, 111637, 734, 0, 0
86, 0, 35, 276, 270, 84, 23.54%, 0, 0, 2, 1388.54, 118765, 734, 0, 0
91, 0, 41, 276, 269, 87, 23.54%, 0, 0, 2, 1389.50, 125730, 734, 0, 0
96, 0, 71, 285, 273, 82, 23.57%, 0, 0, 2, 1382.20, 133156, 735, 0, 0
102, 0, 181, 293, 277, 79, 23.57%, 0, 0, 3, 1322.24, 140139, 735, 0, 0
107, 0, 288, 295, 277, 77, 23.57%, 0, 0, 3, 1282.37, 146753, 735, 0, 0
112, 0, 171, 297, 250, 49, 23.57%, 0, 0, 3, 1300.85, 153356, 735, 0, 0
117, 0, 225, 297, 227, 26, 23.57%, 0, 0, 3, 1314.82, 159965, 735, 0, 0
122, 0, 267, 298, 211, 9, 23.57%, 0, 0, 3, 1315.62, 166584, 735, 0, 0
127, 0, 274, 304, 197, 0, 23.64%, 0, 0, 3, 1354.58, 173386, 737, 0, 0
132, 0, 202, 307, 190, 0, 23.64%, 0, 0, 3, 1354.29, 180139, 737, 0, 0
137, 0, 182, 311, 183, 0, 23.67%, 0, 0, 3, 1344.74, 187114, 738, 0, 0
142, 0, 193, 311, 177, 0, 23.67%, 0, 0, 3, 1342.79, 193888, 738, 0, 0
147, 1, 297, 313, 170, 0, 23.70%, 0, 0, 3, 1353.44, 200735, 739, 0, 0
152, 1, 296, 314, 156, 0, 23.70%, 0, 0, 3, 1333.31, 207443, 739, 0, 0
157, 1, 245, 318, 150, 0, 23.70%, 0, 0, 4, 1295.88, 214071, 739, 0, 0
162, 1, 180, 319, 137, 0, 23.70%, 0, 0, 5, 1283.36, 220554, 739, 0, 0
168, 1, 178, 321, 126, 0, 23.73%, 0, 0, 5, 1272.75, 227193, 740, 0, 0
173, 1, 47, 321, 116, 0, 23.73%, 0, 0, 5, 1316.31, 233929, 740, 0, 0
178, 1, 214, 322, 108, 0, 23.73%, 0, 0, 5, 1305.98, 240518, 740, 0, 0
183, 1, 93, 323, 96, 0, 23.73%, 0, 0, 5, 1292.17, 247211, 740, 0, 0
188, 1, 323, 326, 89, 0, 23.73%, 0, 0, 6, 1317.47, 253857, 740, 0, 0
193, 1, 66, 327, 84, 0, 23.73%, 0, 0, 6, 1337.24, 260699, 740, 0, 0
198, 2, 247, 328, 79, 0, 23.73%, 0, 0, 6, 1340.59, 267558, 740, 0, 0
203, 2, 69, 331, 73, 0, 23.77%, 0, 0, 6, 1354.70, 274387, 741, 0, 0
208, 2, 294, 331, 66, 0, 23.77%, 0, 0, 6, 1315.37, 281052, 741, 0, 0
214, 2, 225, 331, 62, 0, 23.77%, 0, 0, 6, 1333.21, 288232, 741, 0, 0
219, 2, 290, 332, 58, 0, 23.77%, 0, 0, 6, 1274.30, 294578, 741, 0, 0
224, 2, 151, 335, 52, 0, 23.80%, 0, 0, 6, 1332.91, 301562, 742, 0, 0
229, 2, 208, 339, 49, 0, 23.80%, 0, 0, 6, 1316.31, 308267, 742, 0, 0
234, 3, 147, 339, 46, 0, 23.80%, 0, 0, 6, 1347.77, 315098, 742, 0, 0
239, 3, 218, 340, 43, 0, 23.80%, 0, 0, 6, 1343.12, 321959, 742, 0, 0
244, 3, 313, 341, 38, 0, 23.80%, 0, 0, 6, 1343.53, 328908, 742, 0, 0
250, 3, 231, 343, 37, 0, 23.80%, 0, 0, 6, 1354.79, 335915, 742, 0, 0
255, 3, 217, 344, 34, 0, 23.80%, 0, 0, 6, 1353.49, 342688, 742, 0, 0
260, 3, 269, 345, 33, 0, 23.80%, 0, 0, 6, 1361.06, 349522, 742, 0, 0
265, 4, 132, 346, 31, 0, 23.80%, 0, 0, 6, 1370.25, 356625, 742, 0, 0
270, 4, 313, 347, 29, 0, 23.80%, 0, 0, 6, 1358.22, 363466, 742, 0, 0
275, 4, 158, 347, 27, 0, 23.80%, 0, 0, 6, 1330.74, 370330, 742, 0, 0
281, 4, 201, 349, 23, 0, 23.83%, 0, 0, 6, 1343.24, 378683, 743, 0, 0
286, 4, 202, 350, 19, 0, 23.83%, 0, 0, 6, 1348.57, 385572, 743, 0, 0
291, 5, 179, 351, 17, 0, 23.83%, 0, 0, 6, 1341.66, 392494, 743, 0, 0
297, 5, 132, 351, 17, 0, 23.83%, 0, 0, 6, 1350.15, 399374, 743, 0, 0
300, 5, 269, 351, 17, 0, 23.83%, 0, 0, 6, 1358.27, 403468, 743, 0, 0
