# relative_time, cycles_done, cur_item, corpus_count, pending_total, pending_favs, map_size, saved_crashes, saved_hangs, max_depth, execs_per_sec, total_execs, edges_found, total_crashes, servers_count
60, 0, 12, 252, 248, 84, 3.16%, 0, 0, 2, 532.81, 47516, 2073, 0, 0
65, 0, 12, 253, 249, 84, 3.17%, 0, 0, 2, 413.34, 49414, 2075, 0, 0
70, 0, 15, 255, 250, 89, 3.17%, 0, 0, 2, 413.21, 51587, 2076, 0, 0
75, 0, 16, 270, 264, 89, 3.19%, 0, 0, 2, 442.52, 53818, 2089, 0, 0
80, 0, 18, 292, 285, 94, 3.25%, 0, 0, 2, 436.35, 56101, 2132, 0, 0
85, 0, 18, 292, 285, 94, 3.25%, 0, 0, 2, 435.07, 58289, 2132, 0, 0
90, 0, 21, 300, 292, 99, 3.25%, 0, 0, 2, 437.44, 60491, 2133, 0, 0
96, 0, 21, 310, 302, 99, 3.30%, 0, 0, 2, 442.24, 62714, 2160, 0, 0
101, 0, 22, 317, 308, 102, 3.30%, 0, 0, 2, 422.47, 64844, 2165, 0, 0
106, 0, 22, 321, 312, 102, 3.31%, 0, 0, 2, 427.15, 66988, 2168, 0, 0
111, 0, 22, 321, 312, 102, 3.31%, 0, 0, 2, 434.08, 69173, 2168, 0, 0
116, 0, 22, 321, 312, 102, 3.31%, 0, 0, 2, 433.22, 71373, 2168, 0, 0
121, 0, 22, 321, 312, 102, 3.31%, 0, 0, 2, 432.26, 73549, 2168, 0, 0
126, 0, 22, 321, 312, 102, 3.31%, 0, 0, 2, 441.89, 75757, 2168, 0, 0
131, 0, 29, 322, 312, 103, 3.31%, 0, 0, 2, 440.89, 77986, 2168, 0, 0
136, 0, 30, 329, 318, 103, 3.31%, 0, 0, 2, 434.25, 80249, 2170, 0, 0
141, 0, 30, 335, 324, 103, 3.31%, 0, 0, 2, 446.06, 82507, 2170, 0, 0
146, 0, 30, 335, 324, 103, 3.31%, 0, 0, 2, 448.65, 84843, 2170, 0, 0
151, 0, 30, 335, 324, 103, 3.31%, 0, 0, 2, 435.77, 87043, 2170, 0, 0
156, 0, 30, 335, 324, 103, 3.31%, 0, 0, 2, 441.59, 89259, 2170, 0, 0
161, 0, 30, 335, 324, 103, 3.31%, 0, 0, 2, 418.67, 91379, 2170, 0, 0
167, 0, 32, 336, 324, 102, 3.32%, 0, 0, 2, 415.13, 93699, 2174, 0, 0
172, 0, 301, 339, 325, 101, 3.32%, 0, 0, 3, 423.50, 95841, 2176, 0, 0
177, 0, 54, 346, 329, 98, 3.32%, 0, 0, 3, 425.84, 97982, 2179, 0, 0
182, 0, 55, 348, 330, 98, 3.32%, 0, 0, 3, 444.57, 100203, 2179, 0, 0
187, 0, 55, 385, 367, 98, 3.34%, 0, 0, 3, 423.72, 102343, 2191, 0, 0
192, 0, 55, 408, 390, 98, 3.34%, 0, 0, 3, 404.60, 104371, 2191, 0, 0
197, 0, 55, 408, 390, 98, 3.34%, 0, 0, 3, 407.92, 106443, 2191, 0, 0
203, 0, 55, 408, 390, 98, 3.34%, 0, 0, 3, 412.71, 108608, 2191, 0, 0
209, 0, 56, 412, 393, 100, 3.34%, 0, 0, 3, 402.88, 111227, 2192, 0, 0
214, 0, 56, 428, 409, 100, 3.34%, 0, 0, 3, 403.05, 113299, 2192, 0, 0
219, 0, 56, 429, 410, 100, 3.34%, 0, 0, 3, 414.58, 115402, 2192, 0, 0
224, 0, 56, 430, 411, 100, 3.35%, 0, 0, 3, 405.72, 117457, 2198, 0, 0
229, 0, 56, 434, 415, 100, 3.42%, 0, 0, 3, 409.09, 119533, 2243, 0, 0
234, 0, 56, 435, 416, 100, 3.43%, 0, 0, 3, 411.34, 121612, 2249, 0, 0
239, 0, 56, 437, 418, 100, 3.43%, 0, 0, 3, 408.93, 123666, 2250, 0, 0
244, 0, 57, 472, 452, 107, 3.45%, 0, 0, 3, 410.70, 125766, 2264, 0, 0
249, 0, 57, 479, 459, 107, 3.45%, 0, 0, 3, 386.46, 127685, 2264, 0, 0
255, 0, 57, 480, 460, 107, 3.45%, 0, 0, 3, 396.47, 129757, 2264, 0, 0
260, 0, 57, 481, 461, 107, 3.46%, 0, 0, 3, 408.25, 131832, 2270, 0, 0
265, 0, 57, 481, 461, 107, 3.46%, 0, 0, 3, 416.11, 133928, 2270, 0, 0
270, 0, 57, 481, 461, 107, 3.46%, 0, 0, 3, 403.23, 135960, 2270, 0, 0
275, 0, 57, 481, 461, 107, 3.46%, 0, 0, 3, 397.34, 137954, 2270, 0, 0
280, 0, 58, 502, 481, 111, 3.47%, 0, 0, 3, 402.76, 140006, 2272, 0, 0
285, 0, 58, 508, 487, 111, 3.47%, 0, 0, 3, 443.78, 142285, 2272, 0, 0
290, 0, 58, 509, 488, 111, 3.47%, 0, 0, 3, 448.26, 144572, 2272, 0, 0
295, 0, 58, 509, 488, 111, 3.47%, 0, 0, 3, 431.83, 146748, 2272, 0, 0
300, 0, 58, 510, 489, 111, 3.47%, 0, 0, 3, 435.58, 148947, 2273, 0, 0
305, 0, 58, 510, 489, 111, 3.47%, 0, 0, 3, 442.75, 151259, 2273, 0, 0
310, 0, 121, 510, 482, 105, 3.47%, 0, 0, 3, 458.96, 153635, 2273, 0, 0
317, 0, 129, 510, 480, 103, 3.47%, 0, 0, 3, 389.54, 156271, 2273, 0, 0
322, 0, 129, 511, 481, 103, 3.47%, 0, 0, 3, 366.50, 158095, 2273, 0, 0
327, 0, 136, 513, 481, 101, 3.47%, 0, 0, 3, 393.69, 160071, 2273, 0, 0
332, 0, 136, 513, 481, 101, 3.47%, 0, 0, 3, 433.70, 162398, 2273, 0, 0
339, 0, 139, 513, 479, 99, 3.47%, 0, 0, 3, 387.28, 164939, 2273, 0, 0
344, 0, 143, 516, 481, 98, 3.47%, 0, 0, 3, 402.91, 167113, 2273, 0, 0
349, 0, 152, 517, 478, 94, 3.47%, 0, 0, 3, 441.28, 169367, 2273, 0, 0
354, 0, 173, 517, 468, 84, 3.47%, 0, 0, 3, 448.80, 171693, 2273, 0, 0
359, 0, 184, 517, 457, 73, 3.47%, 0, 0, 3, 444.90, 173944, 2273, 0, 0
365, 0, 431, 519, 446, 60, 3.48%, 0, 0, 3, 440.03, 176249, 2278, 0, 0
370, 0, 336, 519, 439, 55, 3.48%, 0, 0, 3, 439.31, 178379, 2278, 0, 0
375, 0, 517, 519, 437, 53, 3.48%, 0, 0, 3, 431.93, 180599, 2278, 0, 0
380, 0, 250, 519, 430, 46, 3.48%, 0, 0, 3, 407.21, 182645, 2278, 0, 0
385, 0, 251, 519, 421, 37, 3.48%, 0, 0, 3, 428.12, 184826, 2278, 0, 0
390, 0, 257, 519, 416, 32, 3.48%, 0, 0, 3, 407.50, 186820, 2278, 0, 0
395, 0, 334, 519, 410, 26, 3.48%, 0, 0, 3, 421.72, 189070, 2278, 0, 0
401, 0, 305, 519, 406, 22, 3.48%, 0, 0, 3, 440.34, 191648, 2278, 0, 0
406, 0, 306, 519, 403, 20, 3.48%, 0, 0, 3, 442.11, 193888, 2278, 0, 0
411, 0, 435, 522, 404, 19, 3.48%, 0, 0, 3, 444.40, 196183, 2279, 0, 0
416, 0, 347, 523, 401, 18, 3.48%, 0, 0, 3, 432.11, 198444, 2279, 0, 0
421, 0, 320, 523, 395, 14, 3.48%, 0, 0, 3, 440.20, 200731, 2279, 0, 0
426, 0, 389, 523, 391, 10, 3.48%, 0, 0, 3, 450.14, 203090, 2279, 0, 0
431, 0, 437, 524, 390, 8, 3.48%, 0, 0, 3, 428.05, 205211, 2279, 0, 0
436, 0, 437, 531, 397, 8, 3.57%, 0, 0, 3, 459.89, 207554, 2338, 0, 0
441, 0, 437, 533, 399, 8, 3.57%, 0, 0, 3, 471.36, 209926, 2339, 0, 0
447, 0, 437, 533, 399, 8, 3.57%, 0, 0, 3, 470.43, 212356, 2339, 0, 0
452, 0, 437, 533, 399, 8, 3.57%, 0, 0, 3, 477.37, 214768, 2339, 0, 0
457, 0, 437, 533, 399, 8, 3.57%, 0, 0, 3, 483.36, 217198, 2339, 0, 0
463, 0, 448, 533, 397, 9, 3.57%, 0, 0, 3, 457.85, 220076, 2339, 0, 0
468, 0, 486, 533, 393, 5, 3.57%, 0, 0, 3, 432.35, 222299, 2339, 0, 0
474, 0, 521, 534, 391, 5, 3.57%, 0, 0, 4, 434.11, 224600, 2339, 0, 0
479, 0, 529, 537, 392, 4, 3.57%, 0, 0, 4, 419.20, 226736, 2339, 0, 0
484, 0, 537, 538, 388, 0, 3.57%, 0, 0, 4, 439.15, 228929, 2340, 0, 0
489, 0, 340, 538, 386, 0, 3.57%, 0, 0, 4, 426.34, 231089, 2340, 0, 0
494, 0, 360, 538, 385, 0, 3.57%, 0, 0, 4, 415.70, 233201, 2340, 0, 0
499, 0, 436, 539, 385, 0, 3.57%, 0, 0, 4, 437.97, 235429, 2340, 0, 0
504, 0, 192, 540, 384, 0, 3.57%, 0, 0, 4, 444.35, 237640, 2340, 0, 0
509, 0, 176, 546, 389, 0, 3.57%, 0, 0, 4, 471.62, 240102, 2340, 0, 0
514, 0, 176, 547, 390, 0, 3.57%, 0, 0, 4, 481.00, 242530, 2340, 0, 0
519, 0, 176, 547, 390, 0, 3.57%, 0, 0, 4, 477.00, 244915, 2340, 0, 0
524, 0, 176, 548, 391, 0, 3.57%, 0, 0, 4, 446.88, 247114, 2340, 0, 0
529, 0, 176, 548, 391, 0, 3.57%, 0, 0, 4, 452.46, 249395, 2340, 0, 0
534, 0, 176, 548, 391, 0, 3.57%, 0, 0, 4, 459.83, 251766, 2340, 0, 0
539, 0, 406, 549, 392, 0, 3.57%, 0, 0, 4, 454.96, 254029, 2340, 0, 0
544, 0, 409, 549, 389, 0, 3.57%, 0, 0, 4, 422.46, 256131, 2340, 0, 0
550, 0, 48, 549, 388, 0, 3.57%, 0, 0, 4, 432.54, 258417, 2340, 0, 0
555, 0, 512, 549, 388, 0, 3.57%, 0, 0, 4, 408.74, 260556, 2340, 0, 0
560, 0, 252, 549, 386, 0, 3.57%, 0, 0, 4, 377.03, 262518, 2340, 0, 0
565, 0, 423, 550, 383, 0, 3.58%, 0, 0, 4, 427.35, 264803, 2344, 0, 0
570, 0, 307, 551, 381, 0, 3.58%, 0, 0, 4, 433.22, 266914, 2344, 0, 0
575, 0, 299, 551, 379, 0, 3.58%, 0, 0, 4, 425.01, 269061, 2344, 0, 0
580, 0, 68, 551, 378, 0, 3.58%, 0, 0, 4, 441.84, 271370, 2344, 0, 0
585, 0, 90, 551, 376, 0, 3.58%, 0, 0, 4, 425.45, 273514, 2344, 0, 0
591, 0, 90, 552, 377, 0, 3.58%, 0, 0, 4, 383.01, 275427, 2344, 0, 0
596, 0, 70, 552, 374, 0, 3.58%, 0, 0, 4, 421.53, 277572, 2344, 0, 0
601, 0, 122, 552, 371, 0, 3.58%, 0, 0, 4, 425.22, 279729, 2344, 0, 0
606, 0, 167, 552, 368, 0, 3.58%, 0, 0, 4, 445.61, 282075, 2344, 0, 0
611, 0, 119, 554, 367, 0, 3.59%, 0, 0, 4, 434.15, 284324, 2350, 0, 0
616, 0, 330, 554, 364, 0, 3.59%, 0, 0, 4, 447.30, 286678, 2350, 0, 0
621, 0, 15, 555, 362, 0, 3.59%, 0, 0, 4, 448.86, 288994, 2350, 0, 0
626, 0, 373, 556, 361, 0, 3.59%, 0, 0, 4, 438.16, 291175, 2350, 0, 0
631, 0, 434, 556, 357, 0, 3.59%, 0, 0, 4, 452.45, 293532, 2350, 0, 0
636, 0, 52, 557, 357, 0, 3.59%, 0, 0, 4, 457.66, 295838, 2350, 0, 0
642, 0, 23, 558, 356, 0, 3.59%, 0, 0, 4, 443.58, 298117, 2350, 0, 0
647, 0, 400, 558, 353, 0, 3.59%, 0, 0, 4, 433.97, 300291, 2350, 0, 0
652, 0, 219, 559, 352, 0, 3.59%, 0, 0, 4, 406.77, 302423, 2350, 0, 0
657, 0, 103, 559, 349, 0, 3.59%, 0, 0, 4, 433.45, 304701, 2350, 0, 0
662, 0, 136, 559, 347, 0, 3.59%, 0, 0, 4, 452.58, 307034, 2350, 0, 0
667, 0, 491, 559, 346, 0, 3.59%, 0, 0, 4, 449.73, 309294, 2350, 0, 0
672, 0, 342, 559, 344, 0, 3.59%, 0, 0, 4, 441.39, 311466, 2350, 0, 0
677, 0, 32, 559, 340, 0, 3.59%, 0, 0, 4, 431.97, 313649, 2350, 0, 0
682, 0, 120, 559, 340, 0, 3.59%, 0, 0, 4, 449.14, 315951, 2350, 0, 0
687, 0, 199, 565, 344, 0, 3.59%, 0, 0, 4, 442.72, 318151, 2351, 0, 0
692, 0, 199, 567, 346, 0, 3.59%, 0, 0, 4, 478.64, 320681, 2351, 0, 0
697, 0, 199, 568, 347, 0, 3.59%, 0, 0, 4, 475.57, 323082, 2351, 0, 0
703, 0, 199, 568, 347, 0, 3.59%, 0, 0, 4, 455.90, 325413, 2351, 0, 0
708, 0, 199, 570, 349, 0, 3.59%, 0, 0, 4, 470.31, 327875, 2351, 0, 0
713, 0, 199, 572, 351, 0, 3.59%, 0, 0, 4, 480.32, 330382, 2351, 0, 0
718, 0, 520, 576, 351, 3, 3.59%, 0, 0, 4, 474.50, 332764, 2351, 0, 0
723, 0, 404, 576, 347, 2, 3.59%, 0, 0, 4, 457.57, 335119, 2351, 0, 0
728, 0, 45, 584, 353, 2, 3.60%, 0, 0, 4, 475.50, 337526, 2357, 0, 0
733, 0, 45, 586, 355, 2, 3.60%, 0, 0, 4, 462.49, 339826, 2357, 0, 0
738, 0, 45, 586, 355, 2, 3.60%, 0, 0, 4, 482.75, 342274, 2357, 0, 0
743, 0, 45, 587, 356, 2, 3.60%, 0, 0, 4, 484.86, 344711, 2357, 0, 0
748, 0, 45, 588, 357, 2, 3.60%, 0, 0, 4, 460.88, 347049, 2357, 0, 0
755, 0, 575, 588, 356, 3, 3.60%, 0, 0, 4, 468.09, 350263, 2357, 0, 0
760, 0, 356, 588, 352, 0, 3.60%, 0, 0, 4, 449.91, 352527, 2357, 0, 0
766, 0, 429, 589, 351, 0, 3.60%, 0, 0, 4, 445.33, 354788, 2357, 0, 0
771, 0, 245, 589, 348, 0, 3.60%, 0, 0, 4, 437.41, 357049, 2357, 0, 0
776, 0, 29, 589, 347, 0, 3.60%, 0, 0, 4, 453.84, 359416, 2357, 0, 0
782, 0, 158, 589, 346, 0, 3.60%, 0, 0, 4, 478.29, 362321, 2357, 0, 0
787, 0, 479, 589, 344, 0, 3.60%, 0, 0, 4, 461.49, 364600, 2357, 0, 0
792, 0, 408, 589, 343, 0, 3.60%, 0, 0, 4, 420.42, 366845, 2357, 0, 0
797, 0, 452, 589, 341, 0, 3.60%, 0, 0, 4, 432.28, 369027, 2357, 0, 0
802, 1, 185, 589, 339, 0, 3.60%, 0, 0, 4, 453.47, 371290, 2357, 0, 0
808, 1, 126, 589, 337, 0, 3.60%, 0, 0, 4, 440.56, 373432, 2357, 0, 0
813, 1, 527, 589, 334, 0, 3.60%, 0, 0, 4, 460.12, 375911, 2357, 0, 0
818, 1, 364, 589, 332, 0, 3.60%, 0, 0, 4, 434.73, 378072, 2357, 0, 0
823, 1, 476, 589, 330, 0, 3.60%, 0, 0, 4, 425.05, 380224, 2357, 0, 0
828, 1, 512, 590, 327, 0, 3.60%, 0, 0, 4, 441.65, 382564, 2357, 0, 0
833, 1, 488, 590, 325, 0, 3.60%, 0, 0, 4, 437.53, 384797, 2357, 0, 0
838, 1, 109, 590, 323, 0, 3.60%, 0, 0, 4, 454.91, 387204, 2357, 0, 0
844, 1, 97, 590, 320, 0, 3.60%, 0, 0, 4, 463.01, 389581, 2357, 0, 0
849, 1, 443, 590, 316, 0, 3.60%, 0, 0, 4, 457.60, 391838, 2357, 0, 0
854, 1, 328, 591, 315, 0, 3.60%, 0, 0, 4, 431.86, 393986, 2357, 0, 0
859, 1, 88, 591, 314, 0, 3.60%, 0, 0, 4, 383.79, 395907, 2357, 0, 0
864, 1, 379, 591, 311, 0, 3.60%, 0, 0, 4, 414.87, 398026, 2357, 0, 0
869, 1, 308, 592, 309, 0, 3.60%, 0, 0, 4, 396.07, 399999, 2357, 0, 0
874, 1, 131, 592, 306, 0, 3.60%, 0, 0, 4, 430.37, 402250, 2357, 0, 0
879, 1, 551, 592, 305, 0, 3.60%, 0, 0, 4, 375.73, 404146, 2357, 0, 0
884, 1, 354, 593, 305, 0, 3.60%, 0, 0, 4, 410.55, 406282, 2357, 0, 0
889, 1, 569, 593, 300, 0, 3.60%, 0, 0, 4, 453.76, 408684, 2357, 0, 0
895, 1, 137, 595, 302, 0, 3.60%, 0, 0, 4, 420.66, 411020, 2357, 0, 0
900, 1, 490, 595, 300, 0, 3.60%, 0, 0, 4, 451.35, 413415, 2357, 0, 0
905, 1, 324, 595, 296, 0, 3.60%, 0, 0, 4, 431.12, 415613, 2357, 0, 0
910, 1, 73, 596, 292, 0, 3.60%, 0, 0, 4, 444.00, 417838, 2357, 0, 0
915, 1, 73, 596, 292, 0, 3.60%, 0, 0, 4, 428.01, 419963, 2357, 0, 0
920, 1, 87, 597, 290, 0, 3.60%, 0, 0, 4, 414.96, 422059, 2357, 0, 0
925, 1, 529, 597, 287, 0, 3.60%, 0, 0, 4, 451.80, 424358, 2357, 0, 0
930, 1, 422, 597, 284, 0, 3.60%, 0, 0, 4, 440.41, 426600, 2357, 0, 0
935, 1, 204, 597, 280, 0, 3.60%, 0, 0, 4, 451.48, 428860, 2357, 0, 0
940, 1, 514, 597, 277, 0, 3.60%, 0, 0, 4, 439.83, 431014, 2357, 0, 0
945, 1, 341, 598, 276, 0, 3.60%, 0, 0, 4, 414.73, 432999, 2357, 0, 0
951, 1, 382, 598, 274, 0, 3.60%, 0, 0, 4, 457.80, 435435, 2357, 0, 0
956, 1, 592, 598, 273, 0, 3.60%, 0, 0, 4, 453.34, 437725, 2357, 0, 0
961, 1, 465, 598, 270, 0, 3.60%, 0, 0, 4, 443.09, 440007, 2357, 0, 0
966, 1, 112, 598, 268, 0, 3.60%, 0, 0, 4, 443.79, 442223, 2357, 0, 0
971, 1, 589, 598, 267, 0, 3.60%, 0, 0, 4, 360.85, 444048, 2357, 0, 0
976, 1, 597, 598, 264, 0, 3.60%, 0, 0, 4, 364.54, 445922, 2357, 0, 0
981, 1, 301, 598, 262, 0, 3.60%, 0, 0, 4, 402.77, 447970, 2357, 0, 0
986, 1, 91, 598, 260, 0, 3.60%, 0, 0, 4, 397.53, 450065, 2357, 0, 0
991, 1, 89, 598, 258, 0, 3.60%, 0, 0, 4, 419.49, 452168, 2357, 0, 0
997, 1, 241, 598, 257, 0, 3.60%, 0, 0, 4, 421.01, 454468, 2357, 0, 0
1002, 1, 34, 598, 255, 0, 3.60%, 0, 0, 4, 382.89, 456413, 2357, 0, 0
1007, 1, 130, 598, 254, 0, 3.60%, 0, 0, 4, 447.08, 458801, 2357, 0, 0
1012, 1, 552, 598, 251, 0, 3.60%, 0, 0, 4, 447.70, 461087, 2357, 0, 0
1017, 1, 218, 599, 250, 0, 3.60%, 0, 0, 4, 450.70, 463328, 2357, 0, 0
1022, 1, 319, 600, 247, 0, 3.60%, 0, 0, 4, 451.56, 465557, 2357, 0, 0
1027, 1, 292, 600, 242, 0, 3.60%, 0, 0, 4, 455.31, 467843, 2357, 0, 0
1032, 1, 375, 600, 239, 0, 3.60%, 0, 0, 4, 395.53, 469884, 2357, 0, 0
1037, 1, 67, 600, 238, 0, 3.60%, 0, 0, 4, 415.68, 472043, 2357, 0, 0
1042, 1, 106, 600, 236, 0, 3.60%, 0, 0, 4, 428.23, 474203, 2357, 0, 0
1047, 1, 145, 600, 235, 0, 3.60%, 0, 0, 4, 406.53, 476329, 2357, 0, 0
1052, 1, 353, 600, 233, 0, 3.60%, 0, 0, 4, 389.14, 478216, 2357, 0, 0
1058, 1, 35, 600, 231, 0, 3.60%, 0, 0, 4, 416.78, 480430, 2357, 0, 0
1063, 1, 246, 600, 228, 0, 3.60%, 0, 0, 4, 409.33, 482584, 2357, 0, 0
1068, 1, 501, 601, 227, 0, 3.60%, 0, 0, 4, 425.73, 484790, 2357, 0, 0
1073, 1, 133, 601, 224, 0, 3.60%, 0, 0, 4, 457.36, 487105, 2357, 0, 0
1078, 1, 511, 601, 222, 0, 3.60%, 0, 0, 4, 421.44, 489245, 2357, 0, 0
1083, 1, 118, 601, 219, 0, 3.60%, 0, 0, 4, 447.34, 491502, 2357, 0, 0
1088, 1, 301, 601, 218, 0, 3.60%, 0, 0, 4, 435.28, 493729, 2357, 0, 0
1093, 1, 536, 601, 217, 0, 3.60%, 0, 0, 4, 415.07, 495854, 2357, 0, 0
1098, 1, 469, 602, 215, 0, 3.60%, 0, 0, 5, 418.66, 497950, 2357, 0, 0
1103, 1, 558, 603, 214, 0, 3.60%, 0, 0, 5, 372.05, 499866, 2358, 0, 0
1109, 1, 405, 603, 213, 0, 3.60%, 0, 0, 5, 364.22, 501572, 2358, 0, 0
1114, 1, 104, 603, 211, 0, 3.60%, 0, 0, 5, 431.01, 503841, 2358, 0, 0
1119, 1, 505, 603, 209, 0, 3.60%, 0, 0, 5, 435.19, 506032, 2358, 0, 0
1125, 1, 110, 603, 208, 0, 3.60%, 0, 0, 5, 456.71, 508957, 2358, 0, 0
1130, 1, 315, 603, 204, 0, 3.60%, 0, 0, 5, 427.82, 511128, 2358, 0, 0
1136, 1, 94, 603, 202, 0, 3.60%, 0, 0, 5, 449.63, 513457, 2358, 0, 0
1141, 1, 397, 603, 198, 0, 3.60%, 0, 0, 5, 424.09, 515618, 2358, 0, 0
1146, 1, 18, 603, 195, 0, 3.60%, 0, 0, 5, 429.28, 517851, 2358, 0, 0
1151, 1, 113, 603, 194, 0, 3.60%, 0, 0, 5, 454.68, 520296, 2358, 0, 0
1156, 1, 451, 603, 193, 0, 3.60%, 0, 0, 5, 442.94, 522544, 2358, 0, 0
1161, 1, 56, 603, 189, 0, 3.60%, 0, 0, 5, 443.86, 524742, 2358, 0, 0
1166, 1, 181, 603, 187, 0, 3.60%, 0, 0, 5, 455.28, 527058, 2358, 0, 0
1171, 1, 403, 603, 184, 0, 3.60%, 0, 0, 5, 450.80, 529309, 2358, 0, 0
1176, 1, 245, 603, 180, 0, 3.60%, 0, 0, 5, 459.80, 531619, 2358, 0, 0
1181, 1, 352, 604, 178, 0, 3.60%, 0, 0, 5, 453.06, 533860, 2358, 0, 0
1186, 1, 433, 604, 176, 0, 3.60%, 0, 0, 5, 459.29, 536240, 2358, 0, 0
1191, 1, 606, 612, 183, 1, 3.60%, 0, 0, 5, 454.70, 538513, 2359, 0, 0
1196, 1, 606, 615, 186, 1, 3.60%, 0, 0, 5, 461.44, 540847, 2359, 0, 0
1202, 1, 606, 619, 190, 1, 3.60%, 0, 0, 5, 459.71, 543161, 2359, 0, 0
1207, 1, 606, 619, 190, 1, 3.60%, 0, 0, 5, 451.79, 545429, 2359, 0, 0
1212, 1, 606, 622, 193, 1, 3.60%, 0, 0, 5, 455.42, 547727, 2359, 0, 0
1217, 1, 606, 622, 193, 1, 3.60%, 0, 0, 5, 459.54, 550049, 2359, 0, 0
1222, 1, 95, 622, 191, 0, 3.60%, 0, 0, 5, 440.60, 552334, 2359, 0, 0
1227, 1, 143, 622, 190, 0, 3.60%, 0, 0, 5, 445.25, 554544, 2359, 0, 0
1232, 1, 86, 622, 189, 0, 3.60%, 0, 0, 5, 394.40, 556539, 2359, 0, 0
1237, 1, 374, 622, 185, 0, 3.60%, 0, 0, 5, 433.99, 558808, 2359, 0, 0
1242, 1, 307, 622, 182, 0, 3.60%, 0, 0, 5, 418.96, 560955, 2359, 0, 0
1247, 1, 593, 622, 181, 0, 3.60%, 0, 0, 5, 401.39, 563091, 2359, 0, 0
1252, 1, 115, 622, 177, 0, 3.60%, 0, 0, 5, 414.86, 565264, 2359, 0, 0
1257, 1, 519, 622, 175, 0, 3.60%, 0, 0, 5, 419.76, 567272, 2359, 0, 0
1262, 1, 620, 629, 181, 0, 3.60%, 0, 0, 5, 368.65, 569209, 2359, 0, 0
1267, 1, 620, 630, 182, 0, 3.60%, 0, 0, 5, 329.89, 570861, 2359, 0, 0
1272, 1, 620, 632, 184, 0, 3.60%, 0, 0, 5, 314.08, 572399, 2359, 0, 0
1277, 1, 620, 632, 184, 0, 3.60%, 0, 0, 5, 322.51, 574025, 2359, 0, 0
1282, 1, 620, 633, 185, 0, 3.60%, 0, 0, 5, 319.71, 575604, 2359, 0, 0
1287, 1, 620, 633, 185, 0, 3.60%, 0, 0, 5, 318.25, 577218, 2359, 0, 0
1292, 1, 620, 635, 187, 0, 3.60%, 0, 0, 5, 317.63, 578804, 2359, 0, 0
1297, 1, 620, 635, 187, 0, 3.60%, 0, 0, 5, 321.35, 580418, 2359, 0, 0
1302, 1, 513, 635, 186, 0, 3.60%, 0, 0, 5, 298.04, 581932, 2359, 0, 0
1308, 1, 513, 635, 186, 0, 3.60%, 0, 0, 5, 270.18, 583549, 2359, 0, 0
1314, 1, 622, 637, 187, 0, 3.60%, 0, 0, 5, 333.25, 586067, 2359, 0, 0
1320, 1, 107, 637, 184, 0, 3.60%, 0, 0, 5, 364.63, 588057, 2359, 0, 0
1325, 1, 391, 637, 182, 0, 3.60%, 0, 0, 5, 390.74, 590043, 2359, 0, 0
1330, 1, 607, 637, 180, 0, 3.60%, 0, 0, 5, 374.45, 592081, 2359, 0, 0
1335, 1, 619, 637, 179, 0, 3.60%, 0, 0, 5, 369.97, 593914, 2359, 0, 0
1340, 1, 120, 637, 176, 0, 3.60%, 0, 0, 5, 395.78, 596030, 2359, 0, 0
1345, 1, 225, 637, 172, 0, 3.60%, 0, 0, 5, 414.31, 598269, 2359, 0, 0
1350, 1, 240, 637, 169, 0, 3.60%, 0, 0, 5, 412.72, 600420, 2359, 0, 0
1355, 1, 195, 637, 165, 0, 3.60%, 0, 0, 5, 462.75, 602787, 2359, 0, 0
1360, 1, 71, 639, 164, 0, 3.60%, 0, 0, 5, 423.74, 604926, 2359, 0, 0
1366, 1, 336, 640, 162, 0, 3.60%, 0, 0, 5, 426.57, 607148, 2359, 0, 0
1371, 1, 74, 640, 159, 0, 3.60%, 0, 0, 5, 406.88, 609293, 2359, 0, 0
1376, 1, 628, 640, 157, 0, 3.60%, 0, 0, 5, 408.58, 611376, 2359, 0, 0
1381, 1, 152, 640, 153, 0, 3.60%, 0, 0, 5, 406.02, 613425, 2359, 0, 0
1386, 1, 99, 640, 151, 0, 3.60%, 0, 0, 5, 424.00, 615665, 2359, 0, 0
1391, 1, 215, 640, 149, 0, 3.60%, 0, 0, 5, 438.46, 617887, 2359, 0, 0
1396, 2, 633, 640, 148, 0, 3.60%, 0, 0, 5, 455.51, 620240, 2359, 0, 0
1401, 2, 75, 641, 145, 0, 3.60%, 0, 0, 5, 420.69, 622233, 2359, 0, 0
1406, 2, 75, 641, 145, 0, 3.60%, 0, 0, 5, 411.36, 624248, 2359, 0, 0
1411, 2, 238, 642, 144, 0, 3.60%, 0, 0, 5, 322.33, 625716, 2360, 0, 0
1416, 2, 627, 643, 143, 0, 3.60%, 0, 0, 5, 423.51, 628128, 2360, 0, 0
1422, 2, 415, 643, 141, 0, 3.60%, 0, 0, 5, 423.73, 630362, 2360, 0, 0
1427, 2, 158, 643, 139, 0, 3.60%, 0, 0, 5, 454.79, 632680, 2360, 0, 0
1432, 2, 644, 646, 141, 1, 3.60%, 0, 0, 5, 435.95, 634959, 2362, 0, 0
1437, 2, 185, 646, 138, 0, 3.60%, 0, 0, 5, 457.01, 637322, 2362, 0, 0
1442, 2, 384, 648, 139, 0, 3.60%, 0, 0, 5, 455.69, 639588, 2362, 0, 0
1447, 2, 388, 648, 138, 0, 3.60%, 0, 0, 5, 451.23, 641899, 2362, 0, 0
1452, 2, 599, 648, 135, 0, 3.60%, 0, 0, 5, 464.80, 644266, 2362, 0, 0
1457, 2, 69, 648, 133, 0, 3.60%, 0, 0, 5, 474.89, 646658, 2362, 0, 0
1463, 2, 219, 648, 130, 0, 3.60%, 0, 0, 5, 467.32, 649123, 2362, 0, 0
1468, 2, 395, 648, 126, 0, 3.60%, 0, 0, 5, 431.65, 651293, 2362, 0, 0
1474, 2, 19, 648, 123, 0, 3.60%, 0, 0, 5, 424.12, 654077, 2362, 0, 0
1479, 2, 636, 648, 122, 0, 3.60%, 0, 0, 5, 441.48, 656313, 2362, 0, 0
1484, 2, 645, 648, 121, 0, 3.60%, 0, 0, 5, 411.38, 658335, 2362, 0, 0
1489, 2, 6, 649, 120, 0, 3.60%, 0, 0, 5, 459.08, 660662, 2362, 0, 0
1494, 2, 144, 650, 120, 0, 3.60%, 0, 0, 5, 420.60, 662776, 2362, 0, 0
1499, 2, 572, 651, 118, 0, 3.60%, 0, 0, 5, 441.25, 665017, 2362, 0, 0
1504, 2, 380, 651, 116, 0, 3.60%, 0, 0, 5, 439.16, 667255, 2362, 0, 0
1510, 2, 475, 651, 114, 0, 3.60%, 0, 0, 5, 479.16, 669685, 2362, 0, 0
1515, 2, 283, 651, 113, 0, 3.60%, 0, 0, 5, 468.86, 672113, 2362, 0, 0
1520, 2, 92, 651, 111, 0, 3.60%, 0, 0, 5, 460.04, 674504, 2362, 0, 0
1525, 2, 196, 651, 109, 0, 3.60%, 0, 0, 5, 456.28, 676794, 2362, 0, 0
1530, 2, 601, 652, 109, 0, 3.60%, 0, 0, 5, 462.23, 679139, 2362, 0, 0
1535, 2, 558, 653, 108, 0, 3.60%, 0, 0, 5, 441.83, 681482, 2362, 0, 0
1540, 2, 128, 653, 105, 0, 3.60%, 0, 0, 5, 458.81, 683847, 2362, 0, 0
1545, 2, 651, 653, 104, 0, 3.60%, 0, 0, 5, 449.05, 686106, 2362, 0, 0
1550, 2, 507, 653, 102, 0, 3.60%, 0, 0, 5, 460.71, 688485, 2362, 0, 0
1555, 2, 524, 653, 99, 0, 3.60%, 0, 0, 5, 457.15, 690745, 2362, 0, 0
1560, 2, 652, 653, 98, 0, 3.60%, 0, 0, 5, 81.84, 691382, 2362, 0, 0
1566, 2, 652, 653, 98, 0, 3.60%, 0, 0, 5, 81.00, 691794, 2362, 0, 0
1571, 2, 652, 653, 98, 0, 3.60%, 0, 0, 5, 77.98, 692194, 2362, 0, 0
1576, 2, 652, 654, 99, 0, 3.60%, 0, 0, 5, 81.87, 692838, 2362, 0, 0
1581, 2, 15, 654, 93, 0, 3.60%, 0, 0, 5, 360.16, 694837, 2362, 0, 0
1586, 2, 150, 654, 92, 0, 3.60%, 0, 0, 5, 437.61, 697182, 2362, 0, 0
1592, 2, 348, 654, 90, 0, 3.60%, 0, 0, 5, 444.45, 699862, 2362, 0, 0
1597, 2, 350, 654, 86, 0, 3.60%, 0, 0, 5, 461.64, 702253, 2362, 0, 0
1602, 2, 653, 654, 85, 0, 3.60%, 0, 0, 5, 73.20, 703422, 2362, 0, 0
1608, 2, 653, 654, 85, 0, 3.60%, 0, 0, 5, 65.48, 703767, 2362, 0, 0
1613, 2, 653, 654, 85, 0, 3.60%, 0, 0, 5, 72.41, 704127, 2362, 0, 0
1618, 2, 653, 654, 85, 0, 3.60%, 0, 0, 5, 75.83, 704522, 2362, 0, 0
1623, 2, 213, 654, 84, 0, 3.60%, 0, 0, 5, 489.99, 705868, 2362, 0, 0
1628, 2, 654, 655, 85, 1, 3.61%, 0, 0, 5, 469.13, 708221, 2363, 0, 0
1633, 2, 295, 655, 84, 0, 3.61%, 0, 0, 5, 467.90, 710572, 2363, 0, 0
1638, 2, 430, 655, 81, 0, 3.61%, 0, 0, 5, 527.35, 712902, 2363, 0, 0
1643, 2, 602, 655, 77, 0, 3.61%, 0, 0, 5, 494.73, 715392, 2363, 0, 0
1648, 2, 654, 656, 77, 0, 3.61%, 0, 0, 5, 481.38, 717841, 2363, 0, 0
1653, 2, 62, 656, 77, 0, 3.61%, 0, 0, 5, 472.20, 720352, 2363, 0, 0
1658, 2, 139, 658, 77, 0, 3.61%, 0, 0, 5, 472.95, 722723, 2365, 0, 0
1664, 2, 500, 659, 77, 0, 3.61%, 0, 0, 5, 443.33, 724935, 2365, 0, 0
1669, 2, 472, 659, 76, 0, 3.61%, 0, 0, 5, 471.38, 727334, 2365, 0, 0
1674, 2, 407, 659, 74, 0, 3.61%, 0, 0, 5, 468.47, 729699, 2365, 0, 0
1679, 2, 12, 659, 72, 0, 3.61%, 0, 0, 5, 462.01, 732010, 2365, 0, 0
1684, 2, 441, 660, 72, 0, 3.61%, 0, 0, 5, 449.21, 734317, 2365, 0, 0
1690, 2, 424, 662, 72, 0, 3.61%, 0, 0, 5, 473.79, 737228, 2365, 0, 0
1695, 2, 494, 662, 71, 0, 3.61%, 0, 0, 5, 471.74, 739591, 2365, 0, 0
1700, 2, 309, 662, 70, 0, 3.61%, 0, 0, 5, 452.49, 741853, 2365, 0, 0
1705, 2, 18, 663, 71, 0, 3.61%, 0, 0, 5, 479.17, 744272, 2365, 0, 0
1712, 2, 655, 663, 71, 0, 3.61%, 0, 0, 5, 456.13, 747443, 2365, 0, 0
1717, 2, 369, 665, 72, 0, 3.61%, 0, 0, 5, 472.55, 749819, 2365, 0, 0
1722, 2, 652, 665, 70, 0, 3.61%, 0, 0, 5, 452.14, 752095, 2365, 0, 0
1727, 3, 302, 666, 71, 0, 3.61%, 0, 0, 5, 445.13, 754168, 2365, 0, 0
1733, 3, 127, 666, 69, 0, 3.61%, 0, 0, 5, 452.06, 756589, 2365, 0, 0
1738, 3, 371, 667, 68, 0, 3.61%, 0, 0, 5, 426.72, 758745, 2366, 0, 0
1743, 3, 666, 667, 66, 0, 3.61%, 0, 0, 5, 423.83, 761001, 2366, 0, 0
1748, 3, 362, 668, 67, 0, 3.61%, 0, 0, 5, 438.22, 763247, 2366, 0, 0
1753, 3, 370, 668, 66, 0, 3.61%, 0, 0, 5, 460.76, 765597, 2366, 0, 0
1758, 3, 88, 668, 65, 0, 3.61%, 0, 0, 5, 468.23, 767973, 2366, 0, 0
1763, 3, 222, 668, 65, 0, 3.61%, 0, 0, 5, 464.18, 770372, 2366, 0, 0
1768, 3, 650, 669, 65, 0, 3.61%, 0, 0, 6, 440.73, 772583, 2366, 0, 0
1773, 3, 172, 669, 64, 0, 3.61%, 0, 0, 6, 463.45, 775016, 2366, 0, 0
1779, 3, 138, 671, 65, 0, 3.61%, 0, 0, 7, 445.55, 777250, 2366, 0, 0
1785, 3, 376, 671, 65, 0, 3.61%, 0, 0, 7, 453.23, 780020, 2366, 0, 0
1790, 3, 271, 671, 63, 0, 3.61%, 0, 0, 7, 485.26, 782487, 2366, 0, 0
1795, 3, 542, 673, 64, 0, 3.61%, 0, 0, 8, 447.07, 784703, 2366, 0, 0
1800, 3, 654, 673, 62, 0, 3.61%, 0, 0, 8, 468.18, 787163, 2366, 0, 0
1805, 3, 233, 673, 61, 0, 3.61%, 0, 0, 8, 476.43, 789625, 2366, 0, 0
1810, 3, 430, 673, 59, 0, 3.61%, 0, 0, 8, 468.47, 791989, 2366, 0, 0
1815, 3, 666, 674, 59, 0, 3.61%, 0, 0, 9, 442.24, 794043, 2366, 0, 0
1820, 3, 641, 674, 58, 0, 3.61%, 0, 0, 9, 417.62, 796153, 2366, 0, 0
1825, 3, 368, 675, 57, 0, 3.61%, 0, 0, 9, 449.48, 798433, 2368, 0, 0
1830, 3, 515, 675, 56, 0, 3.61%, 0, 0, 9, 463.29, 800783, 2368, 0, 0
1835, 3, 271, 675, 54, 0, 3.61%, 0, 0, 9, 452.65, 803135, 2368, 0, 0
1840, 3, 18, 675, 53, 0, 3.61%, 0, 0, 9, 448.51, 805327, 2368, 0, 0
1845, 3, 611, 675, 52, 0, 3.61%, 0, 0, 9, 446.02, 807694, 2368, 0, 0
1852, 3, 336, 675, 50, 0, 3.61%, 0, 0, 9, 459.46, 810796, 2368, 0, 0
1857, 3, 25, 675, 49, 0, 3.61%, 0, 0, 9, 448.29, 813044, 2368, 0, 0
1862, 3, 411, 675, 48, 0, 3.61%, 0, 0, 9, 463.56, 815398, 2368, 0, 0
1867, 3, 180, 675, 47, 0, 3.61%, 0, 0, 9, 449.91, 817649, 2368, 0, 0
1873, 3, 588, 675, 47, 0, 3.61%, 0, 0, 9, 442.46, 819944, 2368, 0, 0
1878, 3, 390, 675, 46, 0, 3.61%, 0, 0, 9, 453.51, 822267, 2368, 0, 0
1883, 3, 665, 675, 44, 0, 3.61%, 0, 0, 9, 429.56, 824443, 2368, 0, 0
1888, 3, 253, 675, 43, 0, 3.61%, 0, 0, 9, 451.78, 826780, 2368, 0, 0
1893, 3, 18, 676, 41, 0, 3.61%, 0, 0, 9, 454.54, 829031, 2369, 0, 0
1898, 3, 673, 678, 43, 0, 3.61%, 0, 0, 10, 425.80, 831218, 2369, 0, 0
1903, 3, 402, 678, 42, 0, 3.61%, 0, 0, 10, 443.90, 833504, 2369, 0, 0
1908, 3, 177, 679, 42, 0, 3.61%, 0, 0, 10, 453.42, 835838, 2369, 0, 0
1913, 3, 47, 680, 43, 0, 3.61%, 0, 0, 10, 450.45, 838111, 2369, 0, 0
1918, 3, 313, 680, 42, 0, 3.61%, 0, 0, 10, 427.95, 840287, 2369, 0, 0
1923, 3, 32, 680, 40, 0, 3.61%, 0, 0, 10, 452.50, 842604, 2369, 0, 0
1929, 3, 174, 680, 40, 0, 3.61%, 0, 0, 10, 445.00, 844871, 2369, 0, 0
1934, 3, 190, 681, 41, 0, 3.61%, 0, 0, 10, 448.94, 847207, 2369, 0, 0
1939, 3, 232, 681, 40, 0, 3.61%, 0, 0, 10, 464.88, 849634, 2369, 0, 0
1944, 3, 351, 681, 40, 0, 3.61%, 0, 0, 10, 467.56, 852056, 2369, 0, 0
1949, 3, 173, 681, 39, 0, 3.61%, 0, 0, 10, 464.48, 854344, 2369, 0, 0
1954, 3, 351, 681, 37, 0, 3.61%, 0, 0, 10, 441.77, 856580, 2369, 0, 0
1959, 3, 48, 681, 37, 0, 3.61%, 0, 0, 10, 444.91, 858855, 2369, 0, 0
1964, 3, 238, 681, 35, 0, 3.61%, 0, 0, 10, 432.21, 861041, 2369, 0, 0
1969, 3, 176, 681, 34, 0, 3.61%, 0, 0, 10, 415.75, 863220, 2369, 0, 0
1974, 3, 539, 681, 34, 0, 3.61%, 0, 0, 10, 441.37, 865421, 2369, 0, 0
1979, 4, 355, 681, 32, 0, 3.61%, 0, 0, 10, 450.11, 867700, 2369, 0, 0
1984, 4, 64, 681, 31, 0, 3.61%, 0, 0, 10, 432.37, 869899, 2369, 0, 0
1989, 4, 85, 681, 31, 0, 3.61%, 0, 0, 10, 457.71, 872238, 2369, 0, 0
1995, 4, 575, 682, 32, 0, 3.61%, 0, 0, 10, 457.82, 874581, 2369, 0, 0
2000, 4, 682, 684, 34, 0, 3.61%, 0, 0, 10, 479.54, 876997, 2369, 0, 0
2005, 4, 139, 685, 34, 0, 3.61%, 0, 0, 10, 472.34, 879401, 2369, 0, 0
2010, 4, 240, 685, 34, 0, 3.61%, 0, 0, 10, 470.13, 881734, 2369, 0, 0
2015, 4, 238, 685, 33, 0, 3.61%, 0, 0, 10, 449.99, 884074, 2369, 0, 0
2020, 4, 31, 685, 31, 0, 3.61%, 0, 0, 10, 463.48, 886494, 2369, 0, 0
2026, 4, 31, 685, 31, 0, 3.61%, 0, 0, 10, 374.90, 888725, 2369, 0, 0
2031, 4, 65, 685, 28, 0, 3.61%, 0, 0, 10, 437.45, 890943, 2369, 0, 0
2036, 4, 594, 685, 28, 0, 3.61%, 0, 0, 10, 461.96, 893310, 2369, 0, 0
2043, 4, 489, 685, 28, 0, 3.61%, 0, 0, 10, 443.82, 896340, 2369, 0, 0
2048, 4, 659, 685, 27, 0, 3.61%, 0, 0, 10, 412.48, 898465, 2369, 0, 0
2053, 4, 56, 685, 25, 0, 3.61%, 0, 0, 10, 429.66, 900619, 2369, 0, 0
2058, 4, 192, 685, 24, 0, 3.61%, 0, 0, 10, 462.60, 902998, 2369, 0, 0
2063, 4, 496, 685, 24, 0, 3.61%, 0, 0, 10, 459.12, 905371, 2369, 0, 0
2068, 4, 461, 685, 23, 0, 3.61%, 0, 0, 10, 437.44, 907559, 2369, 0, 0
2073, 4, 18, 685, 23, 0, 3.61%, 0, 0, 10, 452.40, 909880, 2369, 0, 0
2078, 4, 429, 685, 23, 0, 3.61%, 0, 0, 10, 458.03, 912199, 2369, 0, 0
2083, 4, 54, 685, 23, 0, 3.61%, 0, 0, 10, 447.59, 914353, 2369, 0, 0
2089, 4, 340, 685, 22, 0, 3.61%, 0, 0, 10, 448.07, 916642, 2369, 0, 0
2094, 4, 62, 685, 22, 0, 3.61%, 0, 0, 10, 461.24, 918979, 2369, 0, 0
2099, 4, 666, 685, 22, 0, 3.61%, 0, 0, 10, 433.98, 921158, 2369, 0, 0
2104, 4, 138, 685, 22, 0, 3.61%, 0, 0, 10, 441.09, 923371, 2369, 0, 0
2109, 4, 240, 685, 22, 0, 3.61%, 0, 0, 10, 456.82, 925752, 2369, 0, 0
2114, 4, 655, 685, 22, 0, 3.61%, 0, 0, 10, 456.51, 927960, 2369, 0, 0
2119, 4, 271, 685, 21, 0, 3.61%, 0, 0, 10, 466.12, 930305, 2369, 0, 0
2124, 4, 185, 686, 22, 0, 3.61%, 0, 0, 10, 420.83, 932460, 2369, 0, 0
2129, 4, 526, 686, 22, 0, 3.61%, 0, 0, 10, 448.14, 934729, 2369, 0, 0
2134, 4, 377, 686, 21, 0, 3.61%, 0, 0, 10, 455.33, 937111, 2369, 0, 0
2139, 4, 56, 686, 20, 0, 3.61%, 0, 0, 10, 454.73, 939087, 2369, 0, 0
2144, 4, 666, 686, 20, 0, 3.61%, 0, 0, 10, 452.33, 941363, 2369, 0, 0
2150, 4, 296, 687, 20, 0, 3.61%, 0, 0, 10, 449.68, 944046, 2369, 0, 0
2155, 4, 169, 687, 20, 0, 3.61%, 0, 0, 10, 452.30, 946344, 2369, 0, 0
2161, 4, 300, 687, 20, 0, 3.61%, 0, 0, 10, 470.69, 949026, 2369, 0, 0
2166, 4, 312, 687, 20, 0, 3.61%, 0, 0, 10, 466.11, 951441, 2369, 0, 0
2171, 4, 322, 687, 20, 0, 3.61%, 0, 0, 10, 449.67, 953713, 2369, 0, 0
2176, 4, 12, 687, 20, 0, 3.61%, 0, 0, 10, 461.22, 956008, 2369, 0, 0
2181, 4, 12, 687, 20, 0, 3.61%, 0, 0, 10, 458.37, 958300, 2369, 0, 0
2186, 5, 666, 687, 20, 0, 3.61%, 0, 0, 10, 446.69, 960597, 2369, 0, 0
2192, 5, 143, 688, 20, 0, 3.61%, 0, 0, 10, 433.52, 962747, 2369, 0, 0
2197, 5, 235, 689, 19, 0, 3.62%, 0, 0, 10, 454.42, 965095, 2375, 0, 0
2202, 5, 599, 689, 19, 0, 3.62%, 0, 0, 10, 457.34, 967717, 2375, 0, 0
2207, 5, 688, 690, 20, 0, 3.62%, 0, 0, 10, 477.13, 970180, 2375, 0, 0
2213, 5, 666, 691, 21, 0, 3.62%, 0, 0, 10, 434.80, 972407, 2375, 0, 0
2218, 5, 683, 691, 20, 0, 3.62%, 0, 0, 10, 465.43, 974791, 2375, 0, 0
2223, 5, 176, 691, 19, 0, 3.62%, 0, 0, 10, 466.19, 977164, 2375, 0, 0
2228, 5, 139, 691, 18, 0, 3.62%, 0, 0, 10, 456.81, 979459, 2375, 0, 0
2233, 5, 427, 691, 18, 0, 3.62%, 0, 0, 10, 436.86, 981623, 2375, 0, 0
2238, 5, 271, 691, 17, 0, 3.62%, 0, 0, 10, 465.80, 983976, 2375, 0, 0
2243, 5, 230, 691, 17, 0, 3.62%, 0, 0, 10, 462.04, 986249, 2375, 0, 0
2248, 5, 654, 691, 17, 0, 3.62%, 0, 0, 10, 466.59, 988587, 2375, 0, 0
2253, 5, 352, 692, 17, 0, 3.62%, 0, 0, 10, 468.33, 990944, 2375, 0, 0
2258, 5, 172, 692, 17, 0, 3.62%, 0, 0, 10, 459.14, 993302, 2375, 0, 0
2263, 5, 271, 692, 17, 0, 3.62%, 0, 0, 10, 470.17, 995707, 2375, 0, 0
2268, 5, 88, 692, 17, 0, 3.62%, 0, 0, 10, 457.83, 998042, 2375, 0, 0
2273, 5, 590, 692, 17, 0, 3.62%, 0, 0, 10, 459.07, 1000409, 2375, 0, 0
2278, 5, 78, 692, 17, 0, 3.62%, 0, 0, 10, 467.62, 1002766, 2375, 0, 0
2284, 5, 152, 692, 17, 0, 3.62%, 0, 0, 10, 467.63, 1005234, 2375, 0, 0
2289, 5, 27, 692, 17, 0, 3.62%, 0, 0, 10, 479.12, 1007801, 2375, 0, 0
2294, 5, 463, 692, 17, 0, 3.62%, 0, 0, 10, 463.93, 1010082, 2375, 0, 0
2299, 5, 121, 693, 17, 0, 3.62%, 0, 0, 10, 431.42, 1012254, 2375, 0, 0
2304, 5, 48, 693, 17, 0, 3.62%, 0, 0, 10, 453.19, 1014661, 2375, 0, 0
2311, 5, 407, 693, 17, 0, 3.62%, 0, 0, 10, 458.37, 1017770, 2375, 0, 0
2316, 5, 65, 694, 18, 0, 3.62%, 0, 0, 10, 459.02, 1020053, 2375, 0, 0
2321, 5, 183, 695, 19, 0, 3.62%, 0, 0, 10, 449.68, 1022379, 2375, 0, 0
2326, 5, 666, 695, 19, 0, 3.62%, 0, 0, 10, 445.77, 1024756, 2375, 0, 0
2332, 5, 143, 695, 18, 0, 3.62%, 0, 0, 10, 408.42, 1026731, 2375, 0, 0
2337, 5, 602, 697, 19, 0, 3.62%, 0, 0, 10, 452.25, 1029013, 2375, 0, 0
2342, 5, 641, 697, 18, 0, 3.62%, 0, 0, 10, 436.21, 1031175, 2375, 0, 0
2347, 5, 182, 698, 19, 0, 3.62%, 0, 0, 10, 436.10, 1033418, 2375, 0, 0
2352, 5, 625, 698, 18, 0, 3.62%, 0, 0, 10, 445.02, 1035682, 2375, 0, 0
2357, 5, 186, 698, 18, 0, 3.62%, 0, 0, 10, 455.23, 1038045, 2375, 0, 0
2362, 5, 698, 701, 19, 0, 3.62%, 0, 0, 10, 479.14, 1040464, 2375, 0, 0
2367, 5, 66, 701, 19, 0, 3.62%, 0, 0, 10, 467.34, 1042831, 2375, 0, 0
2372, 5, 509, 702, 20, 0, 3.62%, 0, 0, 10, 469.56, 1045219, 2375, 0, 0
2377, 5, 85, 702, 19, 0, 3.62%, 0, 0, 10, 454.27, 1047557, 2375, 0, 0
2382, 5, 216, 703, 19, 0, 3.62%, 0, 0, 10, 456.27, 1049876, 2375, 0, 0
2387, 6, 442, 703, 18, 0, 3.62%, 0, 0, 10, 465.83, 1052288, 2375, 0, 0
2393, 6, 361, 703, 18, 0, 3.62%, 0, 0, 10, 440.68, 1054944, 2375, 0, 0
2398, 6, 186, 703, 17, 0, 3.62%, 0, 0, 10, 0.00, 1057003, 2375, 0, 0
