# relative_time, cycles_done, cur_item, corpus_count, pending_total, pending_favs, map_size, saved_crashes, saved_hangs, max_depth, execs_per_sec, total_execs, edges_found, total_crashes, servers_count
62, 0, 19, 270, 266, 81, 2.67%, 0, 0, 2, 561.93, 37629, 1747, 0, 0
67, 0, 19, 271, 267, 81, 2.67%, 0, 0, 2, 562.37, 40485, 1751, 0, 0
72, 0, 19, 272, 268, 81, 2.68%, 0, 0, 2, 564.53, 43363, 1757, 0, 0
77, 0, 19, 272, 268, 81, 2.68%, 0, 0, 2, 562.01, 46223, 1757, 0, 0
83, 0, 19, 273, 269, 81, 2.68%, 0, 0, 2, 536.90, 48990, 1757, 0, 0
88, 0, 19, 276, 272, 81, 2.71%, 0, 0, 2, 540.11, 51811, 1773, 0, 0
93, 0, 19, 277, 273, 81, 2.71%, 0, 0, 2, 517.54, 54388, 1773, 0, 0
98, 0, 19, 277, 273, 81, 2.71%, 0, 0, 2, 544.10, 57138, 1773, 0, 0
103, 0, 19, 277, 273, 81, 2.71%, 0, 0, 2, 557.39, 59975, 1773, 0, 0
108, 0, 19, 278, 274, 81, 2.71%, 0, 0, 2, 524.58, 62605, 1778, 0, 0
113, 0, 19, 278, 274, 81, 2.71%, 0, 0, 2, 512.64, 65155, 1778, 0, 0
118, 0, 19, 278, 274, 81, 2.71%, 0, 0, 2, 542.31, 67925, 1778, 0, 0
123, 0, 19, 278, 274, 81, 2.71%, 0, 0, 2, 565.60, 70795, 1778, 0, 0
128, 0, 19, 279, 275, 81, 2.73%, 0, 0, 2, 569.62, 73684, 1788, 0, 0
133, 0, 19, 279, 275, 81, 2.73%, 0, 0, 2, 574.18, 76588, 1788, 0, 0
138, 0, 19, 279, 275, 81, 2.73%, 0, 0, 2, 570.77, 79481, 1788, 0, 0
143, 0, 19, 279, 275, 81, 2.73%, 0, 0, 2, 571.06, 82363, 1788, 0, 0
149, 0, 19, 280, 276, 81, 2.73%, 0, 0, 2, 574.49, 85329, 1792, 0, 0
154, 0, 46, 292, 284, 88, 2.75%, 0, 0, 2, 647.13, 88739, 1801, 0, 0
159, 0, 53, 297, 286, 87, 2.75%, 0, 0, 2, 650.26, 91929, 1801, 0, 0
164, 0, 89, 304, 288, 85, 2.75%, 0, 0, 2, 619.76, 95266, 1801, 0, 0
169, 0, 97, 308, 289, 82, 2.75%, 0, 0, 2, 610.54, 98401, 1801, 0, 0
174, 0, 97, 309, 290, 82, 2.75%, 0, 0, 2, 575.94, 101283, 1803, 0, 0
179, 0, 97, 309, 290, 82, 2.75%, 0, 0, 2, 566.05, 104110, 1803, 0, 0
184, 0, 97, 309, 290, 82, 2.75%, 0, 0, 2, 573.66, 107014, 1803, 0, 0
191, 0, 277, 309, 284, 77, 2.75%, 0, 0, 2, 598.39, 110841, 1803, 0, 0
196, 0, 129, 316, 283, 72, 2.75%, 0, 0, 3, 644.62, 114132, 1804, 0, 0
201, 0, 183, 321, 275, 62, 2.76%, 0, 0, 3, 663.26, 117482, 1809, 0, 0
206, 0, 201, 321, 268, 55, 2.76%, 0, 0, 3, 680.45, 120905, 1809, 0, 0
212, 0, 278, 322, 264, 50, 2.76%, 0, 0, 3, 634.16, 124733, 1809, 0, 0
217, 0, 231, 324, 259, 44, 2.76%, 0, 0, 3, 646.50, 127926, 1812, 0, 0
222, 0, 259, 328, 252, 34, 2.81%, 0, 0, 3, 645.93, 131175, 1843, 0, 0
227, 0, 270, 329, 245, 26, 2.81%, 0, 0, 3, 599.88, 134180, 1843, 0, 0
232, 0, 274, 330, 243, 23, 2.81%, 0, 0, 3, 607.74, 137484, 1843, 0, 0
237, 0, 296, 330, 235, 15, 2.81%, 0, 0, 3, 623.26, 140582, 1843, 0, 0
242, 0, 307, 332, 226, 5, 2.81%, 0, 0, 3, 639.04, 143805, 1843, 0, 0
247, 0, 331, 342, 232, 1, 2.81%, 0, 0, 4, 639.04, 147009, 1843, 0, 0
253, 0, 234, 344, 230, 0, 2.81%, 0, 0, 4, 661.55, 150395, 1843, 0, 0
258, 0, 22, 347, 227, 0, 2.82%, 0, 0, 4, 679.03, 153855, 1848, 0, 0
263, 0, 106, 359, 238, 0, 2.82%, 0, 0, 4, 663.61, 157311, 1848, 0, 0
268, 0, 106, 364, 243, 0, 2.83%, 0, 0, 4, 638.09, 160581, 1854, 0, 0
273, 0, 106, 366, 245, 0, 2.84%, 0, 0, 4, 610.11, 163631, 1862, 0, 0
278, 0, 106, 367, 246, 0, 2.84%, 0, 0, 4, 631.99, 166878, 1862, 0, 0
283, 0, 289, 369, 245, 0, 2.84%, 0, 0, 4, 634.49, 169889, 1862, 0, 0
288, 0, 222, 370, 242, 0, 2.84%, 0, 0, 4, 642.35, 173191, 1862, 0, 0
293, 0, 153, 373, 238, 0, 2.84%, 0, 0, 4, 651.97, 176475, 1863, 0, 0
299, 0, 30, 378, 235, 0, 2.93%, 0, 0, 7, 663.41, 180260, 1923, 0, 0
304, 0, 306, 380, 231, 0, 2.93%, 0, 0, 7, 623.46, 183454, 1923, 0, 0
309, 0, 85, 381, 229, 0, 2.93%, 0, 0, 7, 632.16, 186586, 1923, 0, 0
314, 0, 327, 382, 224, 0, 2.94%, 0, 0, 7, 645.73, 190034, 1924, 0, 0
319, 0, 379, 382, 220, 0, 2.94%, 0, 0, 7, 659.90, 193405, 1924, 0, 0
325, 0, 346, 384, 215, 0, 2.94%, 0, 0, 7, 665.85, 196914, 1924, 0, 0
330, 0, 318, 386, 212, 0, 2.94%, 0, 0, 7, 639.10, 200080, 1928, 0, 0
335, 0, 382, 387, 210, 0, 2.94%, 0, 0, 7, 655.98, 203523, 1928, 0, 0
340, 1, 381, 387, 207, 0, 2.94%, 0, 0, 7, 657.22, 206828, 1928, 0, 0
345, 1, 118, 387, 202, 0, 2.94%, 0, 0, 7, 648.09, 210120, 1928, 0, 0
350, 1, 173, 388, 194, 0, 2.94%, 0, 0, 7, 626.88, 213356, 1928, 0, 0
356, 1, 210, 390, 191, 0, 2.94%, 0, 0, 7, 651.11, 216718, 1929, 0, 0
361, 1, 333, 400, 198, 0, 2.94%, 0, 0, 7, 649.55, 219973, 1929, 0, 0
366, 1, 333, 404, 202, 0, 2.94%, 0, 0, 7, 666.81, 223342, 1929, 0, 0
371, 1, 333, 404, 202, 0, 2.94%, 0, 0, 7, 662.31, 226670, 1929, 0, 0
376, 1, 333, 404, 202, 0, 2.94%, 0, 0, 7, 671.05, 230089, 1929, 0, 0
381, 1, 175, 407, 203, 0, 2.94%, 0, 0, 7, 649.85, 233384, 1929, 0, 0
386, 1, 81, 408, 194, 0, 2.94%, 0, 0, 7, 626.24, 236582, 1929, 0, 0
391, 1, 388, 409, 188, 0, 2.94%, 0, 0, 7, 641.57, 239971, 1929, 0, 0
396, 1, 355, 413, 187, 0, 2.94%, 0, 0, 7, 597.82, 243017, 1929, 0, 0
401, 1, 365, 416, 186, 0, 2.96%, 0, 0, 7, 595.06, 246113, 1940, 0, 0
406, 1, 327, 418, 182, 0, 2.96%, 0, 0, 7, 628.07, 249312, 1940, 0, 0
411, 1, 254, 419, 177, 0, 2.96%, 0, 0, 7, 613.48, 252402, 1940, 0, 0
416, 1, 116, 420, 172, 0, 2.96%, 0, 0, 7, 643.38, 255646, 1940, 0, 0
422, 1, 353, 420, 168, 0, 2.96%, 0, 0, 7, 654.46, 259087, 1940, 0, 0
427, 1, 373, 425, 172, 0, 2.96%, 0, 0, 7, 668.81, 262472, 1943, 0, 0
432, 1, 373, 426, 173, 0, 2.96%, 0, 0, 7, 612.05, 265503, 1943, 0, 0
437, 1, 373, 428, 175, 0, 2.96%, 0, 0, 7, 603.80, 268589, 1943, 0, 0
442, 1, 373, 428, 175, 0, 2.96%, 0, 0, 7, 623.89, 271757, 1943, 0, 0
447, 1, 337, 429, 171, 0, 2.96%, 0, 0, 7, 621.28, 274828, 1943, 0, 0
452, 1, 325, 429, 166, 0, 2.96%, 0, 0, 7, 603.69, 277900, 1943, 0, 0
457, 1, 342, 429, 161, 0, 2.96%, 0, 0, 7, 599.51, 280800, 1943, 0, 0
462, 1, 347, 430, 157, 0, 2.96%, 0, 0, 7, 601.16, 283828, 1943, 0, 0
467, 1, 144, 431, 151, 0, 2.96%, 0, 0, 7, 594.18, 286801, 1943, 0, 0
472, 1, 272, 431, 145, 0, 2.96%, 0, 0, 7, 598.55, 289781, 1943, 0, 0
477, 1, 370, 432, 140, 0, 2.96%, 0, 0, 7, 589.81, 292796, 1943, 0, 0
482, 1, 283, 432, 135, 0, 2.96%, 0, 0, 7, 623.51, 296065, 1943, 0, 0
489, 1, 380, 433, 131, 0, 2.96%, 0, 0, 7, 633.58, 300493, 1943, 0, 0
494, 1, 416, 433, 125, 0, 2.96%, 0, 0, 7, 620.40, 303628, 1943, 0, 0
499, 1, 21, 433, 121, 0, 2.96%, 0, 0, 7, 572.44, 306558, 1943, 0, 0
504, 1, 314, 434, 117, 0, 2.96%, 0, 0, 7, 594.83, 309565, 1943, 0, 0
509, 1, 206, 434, 113, 0, 2.96%, 0, 0, 7, 643.71, 312951, 1943, 0, 0
515, 1, 57, 435, 112, 0, 2.96%, 0, 0, 7, 593.07, 315962, 1943, 0, 0
520, 1, 300, 435, 106, 0, 2.96%, 0, 0, 7, 588.64, 318964, 1943, 0, 0
525, 1, 319, 435, 103, 0, 2.96%, 0, 0, 7, 623.99, 322153, 1943, 0, 0
530, 1, 414, 435, 102, 0, 2.96%, 0, 0, 7, 626.31, 325386, 1943, 0, 0
535, 2, 434, 436, 100, 0, 2.96%, 0, 0, 7, 550.87, 328062, 1943, 0, 0
540, 2, 204, 438, 94, 0, 2.96%, 0, 0, 7, 642.02, 331369, 1943, 0, 0
545, 2, 169, 438, 91, 0, 2.96%, 0, 0, 7, 623.74, 334477, 1943, 0, 0
550, 2, 27, 439, 89, 0, 2.97%, 0, 0, 7, 574.59, 337215, 1944, 0, 0
555, 2, 371, 439, 86, 0, 2.97%, 0, 0, 7, 639.40, 340503, 1944, 0, 0
560, 2, 376, 439, 82, 0, 2.97%, 0, 0, 7, 650.30, 343870, 1944, 0, 0
565, 2, 244, 439, 79, 0, 2.97%, 0, 0, 7, 583.48, 346760, 1944, 0, 0
570, 2, 416, 441, 80, 0, 2.97%, 0, 0, 8, 611.76, 349903, 1944, 0, 0
575, 2, 396, 445, 83, 0, 2.97%, 0, 0, 8, 525.96, 352494, 1944, 0, 0
580, 2, 396, 446, 84, 0, 2.97%, 0, 0, 8, 493.69, 354910, 1944, 0, 0
586, 2, 396, 448, 86, 0, 2.97%, 0, 0, 8, 492.90, 357534, 1944, 0, 0
591, 2, 396, 450, 88, 0, 2.97%, 0, 0, 8, 484.37, 359906, 1944, 0, 0
596, 2, 396, 451, 89, 0, 2.97%, 0, 0, 8, 476.14, 362289, 1944, 0, 0
602, 2, 338, 452, 89, 0, 2.97%, 0, 0, 8, 488.94, 365478, 1944, 0, 0
608, 2, 351, 456, 91, 0, 2.97%, 0, 0, 9, 605.55, 369287, 1944, 0, 0
613, 2, 384, 458, 88, 0, 2.97%, 0, 0, 9, 624.89, 372402, 1944, 0, 0
619, 2, 449, 462, 90, 0, 2.97%, 0, 0, 9, 597.85, 375896, 1944, 0, 0
624, 2, 105, 465, 89, 0, 2.97%, 0, 0, 9, 586.59, 378785, 1944, 0, 0
629, 2, 60, 467, 87, 0, 2.97%, 0, 0, 9, 630.43, 381978, 1944, 0, 0
634, 2, 195, 468, 82, 0, 2.97%, 0, 0, 9, 643.67, 385262, 1944, 0, 0
639, 2, 310, 468, 78, 0, 2.97%, 0, 0, 9, 645.69, 388426, 1944, 0, 0
644, 2, 462, 469, 77, 0, 2.97%, 0, 0, 9, 89.99, 390997, 1944, 0, 0
649, 2, 462, 469, 77, 0, 2.97%, 0, 0, 9, 89.53, 391463, 1944, 0, 0
655, 2, 456, 470, 77, 0, 2.97%, 0, 0, 9, 662.36, 394621, 1944, 0, 0
661, 2, 96, 473, 79, 0, 2.97%, 0, 0, 9, 564.82, 398230, 1945, 0, 0
666, 2, 469, 474, 77, 0, 2.97%, 0, 0, 9, 621.52, 401324, 1945, 0, 0
671, 2, 467, 479, 80, 0, 2.97%, 0, 0, 9, 639.68, 404527, 1945, 0, 0
676, 2, 473, 479, 77, 0, 2.97%, 0, 0, 9, 646.24, 407888, 1945, 0, 0
681, 2, 258, 480, 77, 0, 2.97%, 0, 0, 9, 633.70, 411025, 1945, 0, 0
686, 2, 199, 481, 73, 0, 2.97%, 0, 0, 9, 626.23, 414263, 1945, 0, 0
692, 2, 346, 482, 70, 0, 2.97%, 0, 0, 9, 637.85, 417534, 1945, 0, 0
698, 2, 480, 483, 68, 0, 2.97%, 0, 0, 9, 622.79, 421617, 1945, 0, 0
703, 2, 482, 483, 66, 0, 2.97%, 0, 0, 9, 551.04, 424379, 1945, 0, 0
709, 2, 275, 484, 64, 0, 2.97%, 0, 0, 9, 589.53, 427415, 1945, 0, 0
714, 2, 324, 485, 62, 0, 2.97%, 0, 0, 9, 652.46, 430905, 1945, 0, 0
719, 2, 61, 485, 58, 0, 2.97%, 0, 0, 9, 645.72, 434103, 1945, 0, 0
724, 2, 283, 486, 57, 0, 2.97%, 0, 0, 9, 622.93, 437180, 1945, 0, 0
729, 2, 226, 487, 56, 0, 2.97%, 0, 0, 9, 621.26, 440361, 1945, 0, 0
734, 3, 226, 487, 56, 0, 2.97%, 0, 0, 9, 605.13, 443410, 1945, 0, 0
739, 3, 465, 491, 60, 0, 2.97%, 0, 0, 9, 580.60, 446368, 1945, 0, 0
744, 3, 465, 495, 64, 0, 2.97%, 0, 0, 9, 605.57, 449431, 1945, 0, 0
749, 3, 465, 496, 65, 0, 2.97%, 0, 0, 9, 593.77, 452453, 1945, 0, 0
754, 3, 465, 496, 65, 0, 2.97%, 0, 0, 9, 578.73, 455423, 1945, 0, 0
760, 3, 242, 497, 65, 0, 2.97%, 0, 0, 9, 595.31, 458563, 1945, 0, 0
765, 3, 182, 497, 63, 0, 2.97%, 0, 0, 9, 648.75, 462027, 1945, 0, 0
770, 3, 372, 497, 60, 0, 2.97%, 0, 0, 9, 630.17, 465197, 1945, 0, 0
775, 3, 331, 498, 59, 0, 2.97%, 0, 0, 9, 622.06, 468238, 1945, 0, 0
780, 3, 193, 498, 57, 0, 2.97%, 0, 0, 9, 625.74, 471550, 1945, 0, 0
787, 3, 187, 499, 55, 0, 2.97%, 0, 0, 9, 630.02, 475917, 1945, 0, 0
792, 3, 228, 500, 53, 0, 2.97%, 0, 0, 9, 670.14, 479486, 1945, 0, 0
797, 3, 487, 500, 50, 0, 2.97%, 0, 0, 9, 668.02, 482822, 1945, 0, 0
802, 3, 470, 500, 47, 0, 2.97%, 0, 0, 9, 592.49, 485812, 1945, 0, 0
807, 3, 415, 500, 46, 0, 2.97%, 0, 0, 9, 589.37, 488851, 1945, 0, 0
813, 3, 218, 500, 44, 0, 2.97%, 0, 0, 9, 644.15, 492260, 1945, 0, 0
818, 3, 492, 507, 51, 0, 2.97%, 0, 0, 9, 639.01, 495505, 1945, 0, 0
823, 3, 492, 507, 51, 0, 2.97%, 0, 0, 9, 642.45, 498853, 1945, 0, 0
828, 3, 492, 508, 52, 0, 2.97%, 0, 0, 9, 628.86, 501968, 1945, 0, 0
833, 3, 492, 510, 54, 0, 2.97%, 0, 0, 9, 620.69, 505090, 1945, 0, 0
838, 3, 279, 512, 55, 0, 2.97%, 0, 0, 9, 636.84, 508433, 1945, 0, 0
843, 3, 290, 513, 54, 0, 2.97%, 0, 0, 9, 600.94, 511411, 1945, 0, 0
848, 3, 513, 514, 52, 1, 2.97%, 0, 0, 9, 583.05, 514356, 1945, 0, 0
853, 3, 365, 514, 49, 0, 2.97%, 0, 0, 9, 589.88, 517396, 1945, 0, 0
858, 3, 83, 514, 47, 0, 2.97%, 0, 0, 9, 586.37, 520346, 1945, 0, 0
863, 3, 18, 514, 45, 0, 2.97%, 0, 0, 9, 590.57, 523272, 1945, 0, 0
868, 3, 224, 515, 46, 0, 2.97%, 0, 0, 9, 609.77, 526437, 1945, 0, 0
874, 3, 317, 516, 46, 0, 2.97%, 0, 0, 9, 614.83, 529488, 1945, 0, 0
879, 3, 243, 517, 45, 0, 2.97%, 0, 0, 9, 657.72, 532859, 1945, 0, 0
884, 3, 428, 517, 43, 0, 2.97%, 0, 0, 9, 650.81, 536229, 1945, 0, 0
889, 3, 187, 518, 43, 0, 2.97%, 0, 0, 9, 638.09, 539530, 1945, 0, 0
894, 3, 307, 518, 42, 0, 2.97%, 0, 0, 9, 631.26, 542743, 1945, 0, 0
899, 3, 450, 518, 40, 0, 2.97%, 0, 0, 9, 612.77, 545815, 1945, 0, 0
904, 3, 379, 519, 40, 0, 2.97%, 0, 0, 9, 608.33, 548770, 1945, 0, 0
909, 4, 280, 520, 38, 0, 2.97%, 0, 0, 9, 634.64, 552007, 1945, 0, 0
914, 4, 511, 520, 37, 0, 2.97%, 0, 0, 9, 619.61, 555107, 1945, 0, 0
919, 4, 200, 520, 36, 0, 2.97%, 0, 0, 9, 645.16, 558440, 1945, 0, 0
925, 4, 394, 520, 35, 0, 2.97%, 0, 0, 9, 623.14, 561730, 1945, 0, 0
930, 4, 520, 521, 35, 1, 2.97%, 0, 0, 9, 577.51, 564531, 1945, 0, 0
935, 4, 371, 522, 34, 0, 2.97%, 0, 0, 9, 668.95, 567919, 1945, 0, 0
940, 4, 501, 522, 32, 0, 2.97%, 0, 0, 9, 639.06, 571053, 1945, 0, 0
947, 4, 493, 522, 31, 0, 2.97%, 0, 0, 9, 649.96, 575564, 1945, 0, 0
952, 4, 188, 523, 30, 0, 2.97%, 0, 0, 9, 664.35, 578912, 1945, 0, 0
957, 4, 298, 523, 30, 0, 2.97%, 0, 0, 9, 640.58, 582210, 1945, 0, 0
962, 4, 421, 525, 30, 0, 2.97%, 0, 0, 9, 632.13, 585303, 1945, 0, 0
967, 4, 524, 527, 32, 0, 2.97%, 0, 0, 9, 697.79, 588869, 1945, 0, 0
972, 4, 453, 528, 31, 0, 2.97%, 0, 0, 9, 743.71, 592844, 1945, 0, 0
977, 4, 526, 528, 31, 0, 2.97%, 0, 0, 9, 640.22, 595873, 1945, 0, 0
982, 4, 224, 528, 28, 0, 2.97%, 0, 0, 9, 630.89, 599091, 1945, 0, 0
988, 4, 267, 528, 27, 0, 2.97%, 0, 0, 9, 623.37, 602153, 1945, 0, 0
993, 4, 31, 529, 27, 0, 2.97%, 0, 0, 9, 651.15, 605550, 1946, 0, 0
998, 4, 303, 529, 27, 0, 2.97%, 0, 0, 9, 649.87, 608844, 1946, 0, 0
1003, 4, 344, 529, 27, 0, 2.97%, 0, 0, 9, 645.65, 612158, 1946, 0, 0
1008, 4, 389, 530, 27, 0, 2.97%, 0, 0, 9, 657.05, 615398, 1946, 0, 0
1013, 4, 517, 533, 30, 0, 2.97%, 0, 0, 9, 628.79, 618602, 1946, 0, 0
1018, 4, 172, 533, 28, 0, 2.97%, 0, 0, 9, 667.13, 622073, 1946, 0, 0
1023, 4, 139, 533, 27, 0, 2.97%, 0, 0, 9, 667.66, 625393, 1946, 0, 0
1028, 4, 443, 533, 27, 0, 2.97%, 0, 0, 9, 643.98, 628648, 1946, 0, 0
1034, 5, 438, 533, 26, 0, 2.97%, 0, 0, 9, 629.79, 632355, 1946, 0, 0
1040, 5, 453, 533, 25, 0, 2.97%, 0, 0, 9, 650.92, 635589, 1946, 0, 0
1045, 5, 453, 533, 25, 0, 2.97%, 0, 0, 9, 656.94, 639016, 1946, 0, 0
1050, 5, 523, 533, 23, 0, 2.97%, 0, 0, 9, 634.49, 642084, 1946, 0, 0
1055, 5, 519, 533, 22, 0, 2.97%, 0, 0, 9, 657.44, 645442, 1946, 0, 0
1060, 5, 533, 535, 23, 0, 2.97%, 0, 0, 9, 652.96, 648739, 1946, 0, 0
1065, 5, 533, 537, 25, 0, 2.98%, 0, 0, 9, 649.08, 652055, 1951, 0, 0
1070, 5, 533, 537, 25, 0, 2.98%, 0, 0, 9, 655.01, 655331, 1951, 0, 0
1076, 5, 535, 537, 25, 1, 2.98%, 0, 0, 9, 643.87, 658999, 1951, 0, 0
1081, 5, 298, 537, 24, 0, 2.98%, 0, 0, 9, 669.01, 662409, 1951, 0, 0
1086, 5, 201, 537, 24, 0, 2.98%, 0, 0, 9, 660.30, 665674, 1951, 0, 0
1091, 5, 527, 539, 26, 0, 2.98%, 0, 0, 9, 639.27, 668925, 1951, 0, 0
1096, 5, 242, 539, 24, 0, 2.98%, 0, 0, 9, 642.79, 672128, 1951, 0, 0
1101, 5, 535, 540, 23, 0, 2.98%, 0, 0, 9, 616.23, 675346, 1953, 0, 0
1106, 5, 399, 540, 22, 0, 2.98%, 0, 0, 9, 623.74, 678607, 1953, 0, 0
1111, 5, 515, 540, 20, 0, 2.98%, 0, 0, 9, 612.65, 681592, 1953, 0, 0
1116, 5, 519, 541, 20, 0, 2.98%, 0, 0, 9, 595.57, 684358, 1953, 0, 0
1122, 5, 389, 541, 19, 0, 2.98%, 0, 0, 9, 645.77, 687723, 1953, 0, 0
1127, 5, 311, 541, 18, 0, 2.98%, 0, 0, 9, 685.38, 691181, 1953, 0, 0
1133, 5, 165, 541, 18, 0, 2.98%, 0, 0, 9, 663.55, 694915, 1953, 0, 0
1138, 5, 330, 541, 17, 0, 2.98%, 0, 0, 9, 631.32, 698075, 1953, 0, 0
1143, 5, 226, 542, 16, 0, 2.98%, 0, 0, 9, 646.21, 701420, 1953, 0, 0
1148, 5, 541, 542, 15, 0, 2.98%, 0, 0, 9, 626.08, 704640, 1953, 0, 0
1153, 5, 270, 542, 14, 0, 2.98%, 0, 0, 9, 608.73, 707688, 1953, 0, 0
1158, 5, 528, 542, 14, 0, 2.98%, 0, 0, 9, 647.84, 711020, 1953, 0, 0
1163, 5, 535, 542, 13, 0, 2.98%, 0, 0, 9, 635.50, 714211, 1953, 0, 0
1168, 5, 280, 542, 13, 0, 2.98%, 0, 0, 9, 654.28, 717516, 1953, 0, 0
1173, 5, 389, 543, 13, 0, 2.99%, 0, 0, 9, 601.82, 720602, 1957, 0, 0
1178, 6, 204, 543, 13, 0, 2.99%, 0, 0, 9, 598.98, 723502, 1957, 0, 0
1183, 6, 542, 543, 13, 0, 2.99%, 0, 0, 9, 610.51, 726502, 1957, 0, 0
1188, 6, 147, 543, 13, 0, 2.99%, 0, 0, 9, 585.61, 729286, 1957, 0, 0
1195, 6, 233, 543, 13, 0, 2.99%, 0, 0, 9, 595.95, 733183, 1957, 0, 0
1200, 6, 453, 543, 13, 0, 2.99%, 0, 0, 9, 600.06, 736246, 1957, 0, 0
1205, 6, 342, 543, 13, 0, 2.99%, 0, 0, 9, 614.30, 739376, 1957, 0, 0
1210, 6, 542, 545, 14, 0, 2.99%, 0, 0, 9, 647.86, 742777, 1957, 0, 0
1215, 6, 513, 545, 13, 0, 2.99%, 0, 0, 9, 630.29, 745849, 1957, 0, 0
1220, 6, 333, 545, 13, 0, 2.99%, 0, 0, 9, 599.21, 748793, 1957, 0, 0
1225, 6, 545, 546, 13, 1, 2.99%, 0, 0, 9, 632.73, 751978, 1957, 0, 0
1230, 6, 453, 546, 11, 0, 2.99%, 0, 0, 9, 662.70, 755440, 1957, 0, 0
1236, 6, 172, 547, 12, 0, 2.99%, 0, 0, 9, 659.85, 758851, 1957, 0, 0
1241, 6, 287, 547, 12, 0, 2.99%, 0, 0, 9, 647.80, 762514, 1957, 0, 0
1248, 6, 487, 547, 12, 0, 2.99%, 0, 0, 9, 645.32, 766629, 1957, 0, 0
1253, 6, 183, 547, 12, 0, 2.99%, 0, 0, 9, 628.33, 769801, 1957, 0, 0
1258, 6, 471, 547, 12, 0, 2.99%, 0, 0, 9, 568.12, 772582, 1957, 0, 0
1263, 6, 480, 547, 11, 0, 2.99%, 0, 0, 9, 620.96, 775851, 1957, 0, 0
1268, 6, 516, 548, 12, 0, 2.99%, 0, 0, 10, 565.72, 778663, 1957, 0, 0
1273, 6, 226, 548, 12, 0, 2.99%, 0, 0, 10, 569.25, 781509, 1957, 0, 0
1279, 6, 507, 548, 12, 0, 2.99%, 0, 0, 10, 630.36, 784912, 1957, 0, 0
1284, 6, 452, 548, 11, 0, 2.99%, 0, 0, 10, 635.85, 788033, 1957, 0, 0
1289, 6, 123, 548, 10, 0, 2.99%, 0, 0, 10, 652.17, 791343, 1957, 0, 0
1294, 6, 212, 548, 10, 0, 2.99%, 0, 0, 10, 672.52, 794685, 1957, 0, 0
1299, 7, 113, 548, 9, 0, 2.99%, 0, 0, 10, 651.28, 798041, 1957, 0, 0
1304, 7, 453, 548, 9, 0, 2.99%, 0, 0, 10, 674.77, 801518, 1957, 0, 0
1309, 7, 259, 548, 7, 0, 2.99%, 0, 0, 10, 671.79, 804983, 1957, 0, 0
1314, 7, 55, 549, 7, 0, 2.99%, 0, 0, 10, 671.69, 808395, 1957, 0, 0
1320, 7, 548, 549, 7, 0, 2.99%, 0, 0, 10, 660.04, 812215, 1957, 0, 0
1326, 7, 475, 549, 7, 0, 2.99%, 0, 0, 10, 662.11, 815691, 1957, 0, 0
1331, 7, 228, 549, 7, 0, 2.99%, 0, 0, 10, 674.87, 819067, 1957, 0, 0
1336, 7, 120, 549, 7, 0, 2.99%, 0, 0, 10, 678.03, 822468, 1957, 0, 0
1341, 7, 271, 549, 7, 0, 2.99%, 0, 0, 10, 655.65, 825743, 1957, 0, 0
1346, 7, 545, 549, 7, 0, 2.99%, 0, 0, 10, 667.68, 829131, 1957, 0, 0
1351, 7, 157, 549, 7, 0, 2.99%, 0, 0, 10, 678.72, 832577, 1957, 0, 0
1356, 7, 287, 549, 6, 0, 2.99%, 0, 0, 10, 649.63, 835794, 1957, 0, 0
1362, 7, 213, 551, 7, 0, 2.99%, 0, 0, 10, 662.23, 839867, 1957, 0, 0
1367, 7, 298, 551, 7, 0, 2.99%, 0, 0, 10, 674.95, 843280, 1957, 0, 0
1372, 7, 214, 551, 7, 0, 2.99%, 0, 0, 10, 684.29, 846705, 1957, 0, 0
1377, 7, 549, 551, 7, 0, 2.99%, 0, 0, 10, 668.98, 850005, 1957, 0, 0
1382, 7, 487, 551, 6, 0, 2.99%, 0, 0, 10, 681.78, 853509, 1957, 0, 0
1387, 7, 540, 551, 6, 0, 2.99%, 0, 0, 10, 666.24, 856853, 1957, 0, 0
1392, 7, 311, 551, 5, 0, 2.99%, 0, 0, 10, 666.71, 860255, 1957, 0, 0
1398, 7, 212, 551, 5, 0, 2.99%, 0, 0, 10, 660.64, 863590, 1957, 0, 0
1403, 7, 486, 553, 7, 0, 2.99%, 0, 0, 10, 619.71, 866854, 1957, 0, 0
1408, 7, 271, 553, 7, 0, 2.99%, 0, 0, 10, 655.03, 870230, 1957, 0, 0
1413, 8, 381, 553, 7, 0, 2.99%, 0, 0, 10, 654.42, 873605, 1957, 0, 0
1418, 8, 242, 553, 7, 0, 2.99%, 0, 0, 10, 664.04, 876929, 1957, 0, 0
1423, 8, 551, 555, 9, 0, 2.99%, 0, 0, 10, 566.96, 879665, 1957, 0, 0
1428, 8, 466, 555, 8, 0, 2.99%, 0, 0, 10, 629.21, 883020, 1957, 0, 0
1433, 8, 311, 555, 8, 0, 2.99%, 0, 0, 10, 667.77, 886423, 1957, 0, 0
1438, 8, 554, 555, 8, 0, 2.99%, 0, 0, 10, 641.46, 889696, 1957, 0, 0
1443, 8, 554, 557, 10, 0, 2.99%, 0, 0, 10, 544.97, 892303, 1957, 0, 0
1448, 8, 556, 557, 9, 0, 2.99%, 0, 0, 10, 586.41, 895264, 1957, 0, 0
1454, 8, 556, 558, 10, 0, 2.99%, 0, 0, 10, 487.07, 897719, 1957, 0, 0
1459, 8, 548, 558, 9, 0, 2.99%, 0, 0, 10, 550.09, 900511, 1957, 0, 0
1464, 8, 553, 558, 9, 0, 2.99%, 0, 0, 10, 595.93, 903597, 1957, 0, 0
1469, 8, 228, 558, 8, 0, 2.99%, 0, 0, 10, 624.27, 906695, 1957, 0, 0
1474, 8, 242, 558, 8, 0, 2.99%, 0, 0, 10, 663.71, 910187, 1957, 0, 0
1479, 8, 557, 559, 9, 0, 2.99%, 0, 0, 10, 610.06, 913258, 1957, 0, 0
1484, 8, 398, 559, 8, 0, 2.99%, 0, 0, 10, 638.89, 916721, 1957, 0, 0
1489, 8, 274, 559, 8, 0, 2.99%, 0, 0, 10, 668.10, 920059, 1957, 0, 0
1494, 8, 267, 559, 8, 0, 2.99%, 0, 0, 10, 665.40, 923375, 1957, 0, 0
1502, 8, 552, 559, 8, 0, 2.99%, 0, 0, 10, 642.96, 927572, 1957, 0, 0
1507, 8, 171, 559, 7, 0, 2.99%, 0, 0, 10, 632.78, 930682, 1957, 0, 0
1512, 8, 201, 559, 7, 0, 2.99%, 0, 0, 10, 658.46, 934121, 1957, 0, 0
1517, 8, 558, 564, 12, 0, 2.99%, 0, 0, 10, 654.96, 937449, 1957, 0, 0
1522, 8, 298, 564, 11, 0, 2.99%, 0, 0, 10, 669.08, 940849, 1957, 0, 0
1527, 8, 279, 564, 11, 0, 2.99%, 0, 0, 10, 610.75, 943533, 1957, 0, 0
1532, 8, 193, 564, 11, 0, 2.99%, 0, 0, 10, 657.63, 946961, 1957, 0, 0
1537, 8, 311, 565, 11, 0, 2.99%, 0, 0, 10, 632.42, 950141, 1957, 0, 0
1542, 8, 245, 565, 10, 0, 2.99%, 0, 0, 10, 595.42, 952887, 1957, 0, 0
1548, 8, 172, 565, 10, 0, 2.99%, 0, 0, 10, 650.76, 956855, 1957, 0, 0
1553, 8, 280, 565, 10, 0, 2.99%, 0, 0, 10, 617.91, 959764, 1957, 0, 0
1558, 8, 314, 565, 8, 0, 2.99%, 0, 0, 10, 559.44, 962494, 1957, 0, 0
1564, 8, 163, 565, 8, 0, 2.99%, 0, 0, 10, 557.81, 965288, 1957, 0, 0
1569, 8, 545, 565, 8, 0, 2.99%, 0, 0, 10, 547.83, 968080, 1957, 0, 0
1574, 9, 453, 565, 8, 0, 2.99%, 0, 0, 10, 612.04, 971403, 1957, 0, 0
1579, 9, 188, 565, 8, 0, 2.99%, 0, 0, 10, 587.24, 974414, 1957, 0, 0
1584, 9, 535, 565, 8, 0, 2.99%, 0, 0, 10, 582.25, 977324, 1957, 0, 0
1589, 9, 438, 565, 8, 0, 2.99%, 0, 0, 10, 591.58, 980446, 1957, 0, 0
1595, 9, 333, 566, 9, 0, 2.99%, 0, 0, 10, 601.22, 983975, 1957, 0, 0
1600, 9, 453, 567, 10, 0, 2.99%, 0, 0, 10, 555.10, 986707, 1957, 0, 0
1605, 9, 566, 567, 10, 0, 2.99%, 0, 0, 10, 642.69, 990002, 1957, 0, 0
1610, 9, 260, 567, 9, 0, 2.99%, 0, 0, 10, 645.64, 993600, 1957, 0, 0
1615, 9, 365, 567, 9, 0, 2.99%, 0, 0, 10, 645.09, 996919, 1957, 0, 0
1621, 9, 520, 567, 8, 0, 2.99%, 0, 0, 10, 641.40, 1000296, 1957, 0, 0
1626, 9, 376, 567, 8, 0, 2.99%, 0, 0, 10, 657.77, 1003631, 1957, 0, 0
1631, 9, 307, 567, 8, 0, 2.99%, 0, 0, 10, 632.64, 1006693, 1957, 0, 0
1636, 9, 292, 567, 8, 0, 2.99%, 0, 0, 10, 624.70, 1009845, 1957, 0, 0
1641, 9, 268, 567, 8, 0, 2.99%, 0, 0, 10, 619.53, 1013081, 1957, 0, 0
1646, 9, 298, 567, 8, 0, 2.99%, 0, 0, 10, 626.78, 1016217, 1957, 0, 0
1651, 9, 157, 567, 8, 0, 2.99%, 0, 0, 10, 629.58, 1019378, 1957, 0, 0
1656, 9, 123, 567, 6, 0, 2.99%, 0, 0, 10, 624.42, 1022503, 1957, 0, 0
1661, 9, 15, 568, 7, 0, 2.99%, 0, 0, 10, 639.69, 1025847, 1957, 0, 0
1666, 9, 290, 569, 8, 0, 2.99%, 0, 0, 10, 622.78, 1029130, 1957, 0, 0
1672, 9, 413, 569, 7, 0, 2.99%, 0, 0, 10, 623.87, 1032384, 1957, 0, 0
1678, 9, 308, 569, 7, 0, 2.99%, 0, 0, 10, 628.05, 1036439, 1957, 0, 0
1683, 9, 307, 569, 7, 0, 2.99%, 0, 0, 10, 626.69, 1039761, 1957, 0, 0
1688, 9, 376, 569, 7, 0, 2.99%, 0, 0, 10, 630.45, 1043062, 1957, 0, 0
1693, 10, 269, 569, 7, 0, 2.99%, 0, 0, 10, 656.32, 1046376, 1957, 0, 0
1699, 10, 500, 569, 6, 0, 2.99%, 0, 0, 10, 634.00, 1050128, 1957, 0, 0
1704, 10, 233, 570, 7, 0, 2.99%, 0, 0, 10, 637.92, 1053419, 1957, 0, 0
1709, 10, 267, 570, 7, 0, 2.99%, 0, 0, 10, 650.23, 1056696, 1957, 0, 0
1714, 10, 37, 570, 7, 0, 2.99%, 0, 0, 10, 667.02, 1060036, 1957, 0, 0
1719, 10, 218, 570, 7, 0, 2.99%, 0, 0, 10, 664.33, 1063320, 1957, 0, 0
1725, 10, 483, 570, 6, 0, 2.99%, 0, 0, 10, 514.37, 1065758, 1957, 0, 0
1730, 10, 183, 571, 6, 0, 2.99%, 0, 0, 10, 587.87, 1068764, 1957, 0, 0
1735, 10, 573, 574, 7, 0, 2.99%, 0, 0, 10, 646.49, 1072074, 1957, 0, 0
1740, 10, 513, 574, 6, 0, 2.99%, 0, 0, 10, 625.82, 1075187, 1957, 0, 0
1745, 10, 573, 574, 6, 0, 2.99%, 0, 0, 10, 616.82, 1078313, 1957, 0, 0
1751, 10, 60, 574, 6, 0, 2.99%, 0, 0, 10, 651.10, 1082346, 1957, 0, 0
1756, 10, 299, 574, 6, 0, 2.99%, 0, 0, 10, 656.67, 1085635, 1957, 0, 0
1761, 10, 236, 574, 5, 0, 2.99%, 0, 0, 10, 654.56, 1088876, 1957, 0, 0
1766, 10, 233, 574, 5, 0, 2.99%, 0, 0, 10, 662.14, 1092391, 1957, 0, 0
1771, 10, 299, 574, 5, 0, 2.99%, 0, 0, 10, 628.58, 1095634, 1957, 0, 0
1777, 10, 571, 574, 5, 0, 2.99%, 0, 0, 10, 638.12, 1099443, 1957, 0, 0
1782, 10, 325, 575, 5, 0, 2.99%, 0, 0, 10, 664.37, 1102791, 1957, 0, 0
1787, 10, 483, 575, 5, 0, 2.99%, 0, 0, 10, 648.45, 1106093, 1957, 0, 0
1792, 10, 570, 575, 5, 0, 2.99%, 0, 0, 10, 643.39, 1109332, 1957, 0, 0
1797, 10, 292, 575, 3, 0, 2.99%, 0, 0, 10, 620.55, 1112421, 1957, 0, 0
1802, 10, 535, 575, 3, 0, 2.99%, 0, 0, 10, 653.60, 1115851, 1957, 0, 0
1809, 10, 417, 575, 3, 0, 2.99%, 0, 0, 10, 661.43, 1120113, 1957, 0, 0
1814, 10, 539, 575, 3, 0, 2.99%, 0, 0, 10, 660.26, 1123451, 1957, 0, 0
1819, 10, 307, 575, 3, 0, 2.99%, 0, 0, 10, 637.01, 1126595, 1957, 0, 0
1824, 11, 212, 575, 3, 0, 2.99%, 0, 0, 10, 631.61, 1129870, 1957, 0, 0
1830, 11, 316, 575, 2, 0, 2.99%, 0, 0, 10, 611.13, 1132951, 1957, 0, 0
1835, 11, 187, 575, 2, 0, 2.99%, 0, 0, 10, 643.00, 1136200, 1957, 0, 0
1840, 11, 309, 575, 2, 0, 2.99%, 0, 0, 10, 650.98, 1139611, 1957, 0, 0
1845, 11, 571, 575, 2, 0, 2.99%, 0, 0, 10, 669.44, 1142991, 1957, 0, 0
1850, 11, 462, 576, 3, 0, 2.99%, 0, 0, 10, 577.11, 1145285, 1957, 0, 0
1855, 11, 421, 576, 3, 0, 2.99%, 0, 0, 10, 654.91, 1148729, 1957, 0, 0
1860, 11, 545, 576, 3, 0, 2.99%, 0, 0, 10, 659.26, 1152057, 1957, 0, 0
1865, 11, 575, 577, 4, 0, 2.99%, 0, 0, 10, 55.05, 1154042, 1957, 0, 0
1872, 11, 575, 577, 4, 0, 2.99%, 0, 0, 10, 62.35, 1154637, 1957, 0, 0
1877, 11, 481, 577, 3, 0, 2.99%, 0, 0, 10, 546.42, 1157336, 1957, 0, 0
1882, 11, 212, 577, 3, 0, 2.99%, 0, 0, 10, 611.90, 1160393, 1957, 0, 0
1887, 11, 413, 577, 3, 0, 2.99%, 0, 0, 10, 641.87, 1163679, 1957, 0, 0
1892, 11, 416, 577, 3, 0, 2.99%, 0, 0, 10, 650.41, 1166961, 1957, 0, 0
1897, 11, 428, 577, 3, 0, 2.99%, 0, 0, 10, 652.44, 1170247, 1957, 0, 0
1902, 11, 368, 577, 2, 0, 2.99%, 0, 0, 10, 648.03, 1173591, 1957, 0, 0
1907, 11, 188, 577, 2, 0, 2.99%, 0, 0, 10, 663.14, 1177004, 1957, 0, 0
1912, 11, 226, 577, 2, 0, 2.99%, 0, 0, 10, 645.97, 1180317, 1957, 0, 0
1917, 11, 535, 577, 2, 0, 2.99%, 0, 0, 10, 650.83, 1183598, 1957, 0, 0
1922, 11, 548, 577, 2, 0, 2.99%, 0, 0, 10, 656.79, 1186914, 1957, 0, 0
1927, 11, 245, 577, 2, 0, 2.99%, 0, 0, 10, 674.79, 1190352, 1957, 0, 0
1932, 11, 344, 577, 2, 0, 2.99%, 0, 0, 10, 665.75, 1193718, 1957, 0, 0
1938, 11, 372, 577, 2, 0, 2.99%, 0, 0, 10, 657.83, 1197050, 1957, 0, 0
1943, 12, 421, 577, 2, 0, 2.99%, 0, 0, 10, 664.97, 1200459, 1957, 0, 0
1948, 12, 172, 577, 2, 0, 2.99%, 0, 0, 10, 659.73, 1203765, 1957, 0, 0
1953, 12, 545, 577, 1, 0, 2.99%, 0, 0, 10, 669.43, 1207157, 1957, 0, 0
1958, 12, 204, 577, 1, 0, 2.99%, 0, 0, 10, 680.86, 1210908, 1957, 0, 0
1963, 12, 535, 577, 0, 0, 2.99%, 0, 0, 10, 657.15, 1214226, 1957, 0, 0
1970, 12, 239, 577, 0, 0, 2.99%, 0, 0, 10, 664.95, 1218675, 1957, 0, 0
1975, 12, 508, 577, 0, 0, 2.99%, 0, 0, 10, 442.84, 1221761, 1957, 0, 0
1980, 12, 251, 577, 0, 0, 2.99%, 0, 0, 10, 626.42, 1225240, 1957, 0, 0
1985, 12, 327, 577, 0, 0, 2.99%, 0, 0, 10, 655.94, 1228591, 1957, 0, 0
1990, 12, 280, 577, 0, 0, 2.99%, 0, 0, 10, 641.36, 1231769, 1957, 0, 0
1996, 12, 535, 577, 0, 0, 2.99%, 0, 0, 10, 657.47, 1235214, 1957, 0, 0
2001, 12, 526, 577, 0, 0, 2.99%, 0, 0, 10, 665.38, 1238609, 1957, 0, 0
2006, 12, 543, 577, 0, 0, 2.99%, 0, 0, 10, 671.03, 1242058, 1957, 0, 0
2011, 12, 536, 577, 0, 0, 2.99%, 0, 0, 10, 657.76, 1245433, 1957, 0, 0
2016, 12, 226, 577, 0, 0, 2.99%, 0, 0, 10, 667.63, 1248808, 1957, 0, 0
2021, 12, 327, 577, 0, 0, 2.99%, 0, 0, 10, 649.98, 1251975, 1957, 0, 0
2026, 12, 462, 578, 1, 0, 2.99%, 0, 0, 10, 630.14, 1254644, 1957, 0, 0
2031, 12, 545, 578, 1, 0, 2.99%, 0, 0, 10, 509.28, 1257597, 1957, 0, 0
2037, 12, 220, 578, 1, 0, 2.99%, 0, 0, 10, 596.55, 1260843, 1957, 0, 0
2042, 12, 577, 578, 1, 0, 2.99%, 0, 0, 10, 561.78, 1263694, 1957, 0, 0
2047, 12, 172, 578, 0, 0, 2.99%, 0, 0, 10, 442.02, 1265311, 1957, 0, 0
2052, 12, 228, 579, 1, 0, 2.99%, 0, 0, 10, 621.60, 1268778, 1957, 0, 0
2057, 12, 201, 580, 2, 0, 2.99%, 0, 0, 10, 653.80, 1272227, 1957, 0, 0
2062, 13, 218, 580, 1, 0, 2.99%, 0, 0, 10, 634.09, 1275458, 1957, 0, 0
2068, 13, 578, 580, 1, 0, 2.99%, 0, 0, 10, 644.90, 1278913, 1957, 0, 0
2073, 13, 384, 580, 0, 0, 2.99%, 0, 0, 10, 659.25, 1282215, 1957, 0, 0
2078, 13, 292, 580, 0, 0, 2.99%, 0, 0, 10, 613.51, 1285373, 1957, 0, 0
2083, 13, 372, 580, 0, 0, 2.99%, 0, 0, 10, 638.27, 1288548, 1957, 0, 0
2088, 13, 365, 580, 0, 0, 2.99%, 0, 0, 10, 653.78, 1291901, 1957, 0, 0
2093, 13, 317, 580, 0, 0, 2.99%, 0, 0, 10, 675.54, 1295400, 1957, 0, 0
2098, 13, 146, 580, 0, 0, 2.99%, 0, 0, 10, 647.03, 1298519, 1957, 0, 0
2103, 13, 416, 580, 0, 0, 2.99%, 0, 0, 10, 654.12, 1301898, 1957, 0, 0
2108, 13, 453, 580, 0, 0, 2.99%, 0, 0, 10, 649.98, 1305178, 1957, 0, 0
2115, 13, 257, 580, 0, 0, 2.99%, 0, 0, 10, 624.38, 1309323, 1957, 0, 0
2120, 13, 218, 580, 0, 0, 2.99%, 0, 0, 10, 630.76, 1312522, 1957, 0, 0
2125, 13, 520, 580, 0, 0, 2.99%, 0, 0, 10, 673.43, 1315329, 1957, 0, 0
2130, 13, 194, 580, 0, 0, 2.99%, 0, 0, 10, 88.53, 1318038, 1957, 0, 0
2136, 13, 574, 581, 1, 0, 2.99%, 0, 0, 10, 652.82, 1321473, 1957, 0, 0
2141, 13, 535, 581, 1, 0, 2.99%, 0, 0, 10, 664.26, 1324762, 1957, 0, 0
2146, 13, 580, 581, 1, 0, 2.99%, 0, 0, 10, 641.14, 1327992, 1957, 0, 0
2151, 13, 139, 581, 0, 0, 2.99%, 0, 0, 10, 627.72, 1331078, 1957, 0, 0
2156, 13, 415, 581, 0, 0, 2.99%, 0, 0, 10, 638.52, 1334399, 1957, 0, 0
2161, 13, 520, 581, 0, 0, 2.99%, 0, 0, 10, 633.19, 1337619, 1957, 0, 0
2166, 13, 368, 581, 0, 0, 2.99%, 0, 0, 10, 641.20, 1340960, 1957, 0, 0
2171, 13, 398, 581, 0, 0, 2.99%, 0, 0, 10, 635.61, 1344113, 1957, 0, 0
2176, 13, 525, 581, 0, 0, 2.99%, 0, 0, 10, 650.72, 1347454, 1957, 0, 0
2181, 14, 368, 581, 0, 0, 2.99%, 0, 0, 10, 653.55, 1350807, 1957, 0, 0
2186, 14, 415, 581, 0, 0, 2.99%, 0, 0, 10, 635.93, 1354090, 1957, 0, 0
2192, 14, 572, 581, 0, 0, 2.99%, 0, 0, 10, 641.86, 1357409, 1957, 0, 0
2198, 14, 451, 582, 1, 0, 2.99%, 0, 0, 10, 658.37, 1361123, 1957, 0, 0
2203, 14, 376, 582, 1, 0, 2.99%, 0, 0, 10, 660.57, 1364467, 1957, 0, 0
2208, 14, 167, 583, 1, 0, 2.99%, 0, 0, 10, 658.80, 1367808, 1957, 0, 0
2213, 14, 271, 583, 1, 0, 2.99%, 0, 0, 10, 631.95, 1370994, 1957, 0, 0
2218, 14, 325, 583, 1, 0, 2.99%, 0, 0, 10, 654.37, 1374377, 1957, 0, 0
2223, 14, 123, 583, 1, 0, 2.99%, 0, 0, 10, 616.76, 1377497, 1957, 0, 0
2228, 14, 548, 583, 1, 0, 2.99%, 0, 0, 10, 649.40, 1380907, 1957, 0, 0
2233, 14, 310, 583, 1, 0, 2.99%, 0, 0, 10, 653.29, 1384064, 1957, 0, 0
2238, 14, 413, 584, 2, 0, 2.99%, 0, 0, 10, 673.25, 1387595, 1957, 0, 0
2244, 14, 453, 584, 2, 0, 2.99%, 0, 0, 10, 667.07, 1390958, 1957, 0, 0
2249, 14, 267, 584, 2, 0, 2.99%, 0, 0, 10, 660.93, 1394283, 1957, 0, 0
2254, 14, 371, 584, 2, 0, 2.99%, 0, 0, 10, 676.10, 1397809, 1957, 0, 0
2259, 14, 267, 584, 2, 0, 2.99%, 0, 0, 10, 662.77, 1401198, 1957, 0, 0
2264, 14, 153, 584, 2, 0, 2.99%, 0, 0, 10, 662.70, 1404471, 1957, 0, 0
2269, 14, 179, 584, 2, 0, 2.99%, 0, 0, 10, 660.06, 1407676, 1957, 0, 0
2274, 14, 299, 584, 2, 0, 2.99%, 0, 0, 10, 683.51, 1411228, 1957, 0, 0
2279, 14, 73, 584, 2, 0, 2.99%, 0, 0, 10, 668.07, 1414552, 1957, 0, 0
2284, 14, 268, 584, 2, 0, 2.99%, 0, 0, 10, 636.40, 1417722, 1957, 0, 0
2289, 14, 212, 584, 2, 0, 2.99%, 0, 0, 10, 639.56, 1421116, 1957, 0, 0
2294, 15, 292, 584, 2, 0, 2.99%, 0, 0, 10, 631.19, 1424302, 1957, 0, 0
2300, 15, 160, 584, 2, 0, 2.99%, 0, 0, 10, 658.22, 1427995, 1957, 0, 0
2305, 15, 535, 584, 2, 0, 2.99%, 0, 0, 10, 622.12, 1431095, 1957, 0, 0
2310, 15, 251, 584, 2, 0, 2.99%, 0, 0, 10, 631.68, 1434219, 1957, 0, 0
2315, 15, 438, 585, 2, 0, 3.00%, 0, 0, 10, 638.79, 1437472, 1964, 0, 0
2320, 15, 267, 585, 1, 0, 3.00%, 0, 0, 10, 647.46, 1440816, 1964, 0, 0
2326, 15, 472, 585, 1, 0, 3.00%, 0, 0, 10, 624.95, 1444562, 1964, 0, 0
2331, 15, 191, 585, 1, 0, 3.00%, 0, 0, 10, 600.65, 1447503, 1964, 0, 0
2336, 15, 520, 585, 1, 0, 3.00%, 0, 0, 10, 599.99, 1450533, 1964, 0, 0
2342, 15, 389, 585, 1, 0, 3.00%, 0, 0, 10, 601.79, 1453634, 1964, 0, 0
2347, 15, 584, 586, 2, 0, 3.00%, 0, 0, 10, 611.37, 1456798, 1964, 0, 0
2352, 15, 327, 586, 2, 0, 3.00%, 0, 0, 10, 612.53, 1459834, 1964, 0, 0
2357, 15, 280, 586, 1, 0, 3.00%, 0, 0, 10, 633.47, 1463134, 1964, 0, 0
2363, 15, 579, 587, 2, 0, 3.00%, 0, 0, 10, 636.57, 1467103, 1964, 0, 0
2368, 15, 57, 587, 1, 0, 3.00%, 0, 0, 10, 578.89, 1469912, 1964, 0, 0
2373, 15, 201, 587, 1, 0, 3.00%, 0, 0, 10, 647.15, 1473241, 1964, 0, 0
2378, 15, 585, 587, 1, 0, 3.00%, 0, 0, 10, 649.16, 1476558, 1964, 0, 0
2383, 15, 171, 588, 1, 0, 3.00%, 0, 0, 10, 637.02, 1479718, 1964, 0, 0
2388, 15, 325, 588, 1, 0, 3.00%, 0, 0, 10, 730.34, 1483167, 1964, 0, 0
2394, 15, 213, 589, 2, 0, 3.00%, 0, 0, 10, 1143.48, 1489631, 1964, 0, 0
2396, 15, 520, 589, 2, 0, 3.00%, 0, 0, 10, 1224.83, 1493313, 1964, 0, 0
