# relative_time, cycles_done, cur_item, corpus_count, pending_total, pending_favs, map_size, saved_crashes, saved_hangs, max_depth, execs_per_sec, total_execs, edges_found, total_crashes, servers_count
61, 0, 45, 264, 255, 76, 22.73%, 0, 0, 2, 1235.24, 76332, 708, 0, 0
66, 0, 89, 268, 254, 73, 22.79%, 0, 0, 2, 1211.28, 82667, 710, 0, 0
71, 0, 109, 278, 258, 67, 22.89%, 0, 0, 2, 1165.16, 88734, 713, 0, 0
76, 0, 170, 285, 244, 49, 22.92%, 0, 0, 2, 1203.82, 94878, 714, 0, 0
81, 0, 197, 285, 231, 36, 22.92%, 0, 0, 2, 1179.76, 100926, 714, 0, 0
86, 0, 232, 285, 213, 17, 22.92%, 0, 0, 2, 1178.92, 106898, 714, 0, 0
91, 0, 253, 290, 197, 0, 23.02%, 0, 0, 3, 1201.55, 113133, 717, 0, 0
96, 0, 270, 293, 190, 0, 23.05%, 0, 0, 3, 1210.81, 119203, 718, 0, 0
101, 0, 64, 297, 190, 0, 23.05%, 0, 0, 3, 1216.71, 125326, 718, 0, 0
107, 0, 89, 300, 184, 0, 23.05%, 0, 0, 3, 1235.19, 131767, 718, 0, 0
112, 0, 258, 304, 177, 0, 23.08%, 0, 0, 3, 1234.83, 138172, 719, 0, 0
118, 0, 251, 309, 175, 0, 23.15%, 0, 0, 3, 1236.91, 145563, 721, 0, 0
123, 1, 74, 310, 164, 0, 23.15%, 0, 0, 3, 1227.15, 151908, 721, 0, 0
128, 1, 261, 312, 152, 0, 23.15%, 0, 0, 3, 1227.19, 158222, 721, 0, 0
133, 1, 291, 313, 137, 0, 23.15%, 0, 0, 3, 1211.04, 164330, 721, 0, 0
138, 1, 236, 314, 128, 0, 23.24%, 0, 0, 3, 1186.57, 170426, 724, 0, 0
143, 1, 229, 316, 119, 0, 23.31%, 0, 0, 4, 1220.83, 176767, 726, 0, 0
149, 1, 65, 316, 110, 0, 23.31%, 0, 0, 4, 1216.52, 183095, 726, 0, 0
154, 1, 90, 317, 107, 0, 23.31%, 0, 0, 4, 1172.02, 188842, 726, 0, 0
159, 1, 227, 317, 100, 0, 23.31%, 0, 0, 4, 1203.22, 194941, 726, 0, 0
165, 1, 272, 317, 95, 0, 23.31%, 0, 0, 4, 1203.30, 202236, 726, 0, 0
170, 2, 291, 319, 89, 0, 23.40%, 0, 0, 4, 1197.11, 208181, 729, 0, 0
175, 2, 167, 319, 82, 0, 23.40%, 0, 0, 4, 1198.45, 214406, 729, 0, 0
180, 2, 195, 321, 80, 0, 23.40%, 0, 0, 4, 1206.52, 220641, 729, 0, 0
185, 2, 43, 322, 75, 0, 23.43%, 0, 0, 4, 1198.21, 226720, 730, 0, 0
190, 2, 258, 323, 68, 0, 23.47%, 0, 0, 4, 1215.65, 233087, 731, 0, 0
196, 2, 258, 323, 62, 0, 23.47%, 0, 0, 4, 1208.10, 239348, 731, 0, 0
201, 2, 192, 323, 58, 0, 23.47%, 0, 0, 4, 1234.21, 246204, 731, 0, 0
206, 3, 253, 323, 53, 0, 23.47%, 0, 0, 4, 1236.85, 252628, 731, 0, 0
211, 3, 36, 327, 55, 0, 23.50%, 0, 0, 4, 1234.56, 258972, 732, 0, 0
217, 3, 43, 328, 53, 0, 23.50%, 0, 0, 4, 1236.66, 265283, 732, 0, 0
222, 3, 295, 329, 54, 0, 23.50%, 0, 0, 4, 1208.72, 271351, 732, 0, 0
227, 3, 202, 330, 47, 0, 23.50%, 0, 0, 4, 981.20, 275946, 732, 0, 0
232, 3, 322, 332, 43, 0, 23.56%, 0, 0, 4, 1123.84, 281616, 734, 0, 0
237, 3, 331, 333, 39, 0, 23.60%, 0, 0, 4, 1178.46, 287577, 735, 0, 0
242, 3, 246, 335, 36, 0, 23.60%, 0, 0, 4, 1173.68, 293713, 735, 0, 0
247, 4, 314, 336, 33, 0, 23.60%, 0, 0, 4, 1196.99, 299946, 735, 0, 0
252, 4, 251, 336, 28, 0, 23.60%, 0, 0, 4, 1211.58, 306232, 735, 0, 0
257, 4, 111, 336, 23, 0, 23.60%, 0, 0, 4, 1224.53, 312579, 735, 0, 0
263, 4, 245, 336, 20, 0, 23.60%, 0, 0, 4, 1238.30, 318882, 735, 0, 0
268, 4, 224, 337, 18, 0, 23.60%, 0, 0, 4, 1227.02, 325180, 735, 0, 0
273, 4, 111, 337, 17, 0, 23.60%, 0, 0, 4, 1228.63, 331489, 735, 0, 0
278, 5, 93, 340, 19, 0, 23.60%, 0, 0, 4, 1215.99, 337733, 735, 0, 0
283, 5, 327, 341, 18, 0, 23.60%, 0, 0, 4, 1164.12, 343787, 735, 0, 0
288, 5, 274, 342, 17, 0, 23.60%, 0, 0, 4, 1192.06, 349918, 735, 0, 0
293, 5, 334, 342, 15, 0, 23.60%, 0, 0, 4, 1235.47, 356296, 735, 0, 0
299, 5, 276, 342, 14, 0, 23.60%, 0, 0, 4, 1248.04, 362665, 735, 0, 0
300, 5, 339, 342, 14, 0, 23.60%, 0, 0, 4, 1246.21, 363913, 735, 0, 0
